2.850079107049194316e-02
2.371832238565656920e-02
1.797148446331959387e-02
1.957547450080367180e-02
1.420898202612222785e-02
1.001513068975922079e-02
1.644231127598318534e-02
1.179044283423803276e-02
8.593313489040957029e-03
7.125618755701109558e-03
1.406752362145548621e-02
1.008941826418819840e-02
7.544527484188015727e-03
6.330456189042197625e-03
5.523604044565820319e-03
1.225886002329321274e-02
8.861910836398791125e-03
6.792377875958946487e-03
5.795790282634986912e-03
5.165307783433594965e-03
4.805677445213456765e-03
1.080522363778871342e-02
7.870707674289536757e-03
6.127190874577472315e-03
5.253151189826893962e-03
4.661732257261672063e-03
4.203096888346565495e-03
3.595037183624974746e-03
9.666832589735236542e-03
7.122745171342954353e-03
5.644275937789166447e-03
4.895334762488239531e-03
4.395363827124778612e-03
4.032227065898008611e-03
3.716036545931678155e-03
3.836155747163531946e-03
8.730201753049997293e-03
6.503450226415703923e-03
5.226784819908502147e-03
4.568882946272570522e-03
4.125288648063925832e-03
3.798790867216444728e-03
3.523729626115184189e-03
3.436091439018316551e-03
3.034284773291396568e-03
7.938213747455787755e-03
5.970090818096181022e-03
4.849345293741724218e-03
4.258809708224566351e-03
3.852201468047440625e-03
3.542960755045548599e-03
3.275284479509741210e-03
3.107352254475397643e-03
2.753291279971697026e-03
2.471927604694130771e-03
7.258350653868983482e-03
5.503861728970302174e-03
4.507269459961428699e-03
3.969890446398032478e-03
3.591802892659797485e-03
3.296089263563737118e-03
3.035093584945264961e-03
2.838246396955400406e-03
2.526198022363982960e-03
2.280917980708325674e-03
2.090147217444136146e-03
6.683242801378191066e-03
5.110729442832599202e-03
4.219297766874076719e-03
3.730502402793243327e-03
3.382768614561318474e-03
3.108586277707898766e-03
2.868602801372168755e-03
2.682016808305570221e-03
2.432459706677651389e-03
2.263282164371906852e-03
2.188179656342601094e-03
2.285604303391937115e-03
6.191585128542909273e-03
4.774932398942567310e-03
3.973008365451089624e-03
3.527529198101938233e-03
3.208550338557284321e-03
2.956622881695897612e-03
2.738794017841252038e-03
2.568654770231474597e-03
2.364779562873855611e-03
2.236497929383786994e-03
2.185704903876516288e-03
2.216499281412777009e-03
2.147615718641525048e-03
5.767924688997092680e-03
4.485632986502750830e-03
3.760510126855619219e-03
3.353438321557325290e-03
3.060792773908040196e-03
2.829848120382456866e-03
2.632478624653078556e-03
2.478553361663221166e-03
2.307491655653462134e-03
2.203132229918338281e-03
2.159455480432513879e-03
2.161797504317527433e-03
2.102568460490956970e-03
2.057683079191836503e-03
5.387229531823680903e-03
4.219406096351692448e-03
3.558273501203001229e-03
3.182420890522751501e-03
2.910070864155817495e-03
2.693864327396533302e-03
2.508979050423427743e-03
2.362056721458788075e-03
2.204886999496451835e-03
2.101282028668976804e-03
2.038469677606642022e-03
1.991793778687574873e-03
1.877464033980486089e-03
1.712661413885394578e-03
1.366982977503894978e-03
