4.421691865316861036e-02
3.806394628538929681e-02
3.310052542631124889e-02
2.891494605061319459e-02
2.563826882280568348e-02
2.301379258452731363e-02
2.091695130570128333e-02
1.913734883555739605e-02
1.769821876667480171e-02
1.650051010152505174e-02
1.535463879932694002e-02
1.436074320109021960e-02
1.355568821355871388e-02
1.278872254169849225e-02
1.218545038727548643e-02
1.158019353136481230e-02
1.100582718853212669e-02
1.044647861750832435e-02
1.004581555234623606e-02
9.668473783728284005e-03
9.133864691496376004e-03
8.763525344660839239e-03
8.415297999659843153e-03
8.080843790030040399e-03
7.933254160596250534e-03
7.635330876753961167e-03
7.324762833226474215e-03
7.018253839838802140e-03
6.905419308513618612e-03
6.613366240141917499e-03
6.513910202498377801e-03
6.236783694592772272e-03
6.152431425247880184e-03
5.873280504986584487e-03
5.792437166630568825e-03
5.514870484638481098e-03
5.443217469879371717e-03
5.371377086293658946e-03
5.097615342588643871e-03
5.037190467765411024e-03
4.981472130301632141e-03
4.716107924965433004e-03
4.672428358590833414e-03
4.626587642269016330e-03
4.577070957228849060e-03
4.310018523094711305e-03
4.267075422109703475e-03
4.226167452119827112e-03
4.186175442220304958e-03
4.142103125099855232e-03
3.880503926799153906e-03
3.846410731618064936e-03
3.814829327920036227e-03
3.780651209614266806e-03
3.748258019794455109e-03
3.485787952145840644e-03
3.457356961515437987e-03
3.430368943643346668e-03
3.402305187779466021e-03
3.373910009497066691e-03
3.348028759806882630e-03
3.321407150373597867e-03
3.053759532007729611e-03
3.032028301476915461e-03
3.009815767148900281e-03
2.987025157240697816e-03
2.962347653232354217e-03
2.940749254493852521e-03
2.921369089371215772e-03
2.899991479203042465e-03
2.878199301247518806e-03
2.607140576058369387e-03
2.590904027930951599e-03
2.573912939055096084e-03
2.555269594007771559e-03
2.536049842252590010e-03
2.517931758433555704e-03
2.498601959031649701e-03
2.479725829305031229e-03
2.460892053951690885e-03
2.445228267896131739e-03
2.428600367731089879e-03
2.410995246097571553e-03
2.132095279059838689e-03
2.122340015950962677e-03
2.111739597856874314e-03
2.101063768227271963e-03
2.091136080773562268e-03
2.077730703851358128e-03
2.066150543733045672e-03
2.051809788233384304e-03
2.039288895204900004e-03
2.027167744024772639e-03
2.014766137415711488e-03
2.003034561207742495e-03
1.992880750978701359e-03
1.983371132750959363e-03
1.972452020989371238e-03
1.959496123623826695e-03
1.946112593394360617e-03
