1.463786509525770614e-02
1.328841544470244114e-02
1.191809888916856019e-02
1.185570144747631963e-02
1.040774857644846327e-02
8.868043138864592501e-03
1.066782122157739973e-02
9.333683054079078625e-03
8.082836118941097783e-03
7.302034191329685384e-03
9.605359414888544473e-03
8.358514157478857259e-03
7.243658649316983035e-03
6.420062797671002852e-03
5.558640745007104728e-03
8.635268567215486149e-03
7.475143682443659808e-03
6.439442100694547401e-03
5.624187478155505751e-03
4.793665874657109666e-03
4.048519434310076173e-03
7.796417103356799612e-03
6.715464349460496113e-03
5.772282930542962237e-03
5.014082008101778364e-03
4.297015330100814254e-03
3.707286208542842892e-03
3.450182332015016597e-03
7.067770140538495033e-03
6.073339557919436860e-03
5.210445577366218384e-03
4.516864860298071271e-03
3.883205742411984570e-03
3.383015953836146852e-03
3.064187560519057718e-03
2.788750825356705720e-03
6.433345045309095053e-03
5.512798893663324942e-03
4.724691893505821895e-03
4.087564429514692170e-03
3.523754136208253045e-03
3.079216298535857998e-03
2.770726551367442420e-03
2.472245572259145104e-03
2.222825037165287662e-03
5.837729840577411330e-03
4.980377812204573804e-03
4.245219075613709467e-03
3.648788081565481397e-03
3.119762853196165076e-03
2.690430622084877266e-03
2.351705105593216837e-03
1.995465031922887163e-03
1.605775920527794222e-03
1.018898383424178978e-03
5.355894982195691031e-03
4.562815298449077531e-03
3.892315332880182544e-03
3.348927415318563635e-03
2.878578016617125337e-03
2.504001653962445884e-03
2.217007861899820183e-03
1.953084118169312773e-03
1.729617037050696412e-03
1.632990394774599258e-03
2.297476848902554707e-03
4.905847315399280983e-03
4.170561188373613296e-03
3.549177784676181818e-03
3.046992910725625225e-03
2.614427640859487336e-03
2.269670280749935560e-03
1.998617333390043278e-03
1.755940343713987715e-03
1.543829431018056133e-03
1.416063367904447749e-03
1.497257853757814764e-03
7.683583052545746740e-04
4.558712536078951549e-03
3.881901335645542277e-03
3.317392981308930986e-03
2.864882723077036633e-03
2.484118309875818584e-03
2.187937558406415767e-03
1.966405291075135845e-03
1.785077625885114934e-03
1.653679126919961649e-03
1.616577095306891186e-03
1.753895922090605800e-03
1.673803032444196167e-03
2.683876754687540729e-03
4.288240137191277890e-03
3.671012391736376817e-03
3.161434629519736545e-03
2.759919696458037076e-03
2.429864691542582208e-03
2.184374676525234048e-03
2.011927150519416101e-03
1.887901497338160661e-03
1.823057992799812736e-03
1.852821709707450516e-03
2.030110027263822177e-03
2.133851725814023877e-03
2.777095239008380619e-03
2.870185460562618349e-03
4.086710860511958039e-03
3.525430290059914425e-03
3.069375989237997995e-03
2.715757707894961032e-03
2.435658354709861143e-03
2.236818856567924889e-03
2.110300291493283353e-03
2.035898525003766550e-03
2.024268458309858455e-03
2.102551170106469521e-03
2.302885213328375973e-03
2.472622288352736494e-03
2.957860394479731089e-03
3.111609836684152072e-03
3.364455510087073845e-03
3.902578014134124723e-03
3.389988795391777644e-03
2.976928388311513799e-03
2.662902919571498352e-03
2.418616250082330880e-03
2.251187315294475404e-03
2.150349325039678950e-03
2.098946882476997264e-03
2.104105917335186322e-03
2.181587964050907703e-03
2.347435302271208644e-03
2.476398220300438362e-03
2.769546933432740724e-03
2.751476727067146168e-03
2.596411616479277207e-03
1.933405372274679635e-03
3.728081272126201624e-03
3.255381563332934887e-03
2.879467890132588435e-03
2.595179427728920400e-03
2.377616400615085741e-03
2.230064332336023202e-03
2.143496538156049614e-03
2.100485742932740527e-03
2.105000098819455323e-03
2.165505174837437791e-03
2.285468196654115870e-03
2.361146365696690543e-03
2.518569127377644906e-03
2.408763829829746982e-03
2.163677254406342915e-03
1.659122676177872662e-03
1.422102944857334041e-03
3.566562711278773844e-03
3.130890705759304185e-03
2.785411477190961882e-03
2.526424337646787904e-03
2.329224735278546780e-03
2.196915204258379547e-03
2.119134186182011163e-03
2.079111186541411464e-03
2.079551139623197781e-03
2.122251683773549846e-03
2.206232939762167635e-03
2.243925320461280688e-03
2.323657349280602944e-03
2.187456213545011050e-03
1.956004426460899049e-03
1.606863796845713803e-03
1.493756492507464012e-03
1.607712298873543609e-03
3.429104658683693185e-03
3.025722876508429426e-03
2.708571117970101898e-03
2.471591731021643805e-03
2.293549194831758127e-03
2.174806324539511199e-03
2.105198184547519592e-03
2.069636846613364181e-03
2.068195816969829563e-03
2.101124784468529853e-03
2.163943037327275588e-03
2.184440803546299978e-03
2.229944306555115257e-03
2.107215870877481630e-03
1.929294829467745158e-03
1.709345675355680369e-03
1.708462631796786330e-03
1.885426231619974228e-03
2.174972147735554102e-03
3.299705308490095013e-03
2.925436603352770532e-03
2.631742961286725850e-03
2.414087293983053703e-03
2.251172257353955923e-03
2.142353227053402174e-03
2.078495195384316447e-03
2.043911825323408392e-03
2.039119558048865626e-03
2.061548876747369002e-03
2.105825162085352056e-03
2.111106430895306162e-03
2.130385208558296765e-03
2.015222567271129916e-03
1.862584266487284307e-03
1.695942236985881852e-03
1.691491002956715213e-03
1.772482313505656902e-03
1.795385350822944950e-03
1.423418639550648413e-03
3.187911831810060805e-03
2.839331185183418572e-03
2.568077776200360703e-03
2.367737514323481340e-03
2.218379937843487255e-03
2.119493294873112978e-03
2.060673484196048552e-03
2.028723973087946664e-03
2.022383986799290278e-03
2.038788133150511595e-03
2.071914236235537863e-03
2.069970477413768210e-03
2.077691330929420151e-03
1.976096045943425382e-03
1.853641037851270351e-03
1.730795488309165272e-03
1.741824797943889889e-03
1.808777456646481607e-03
1.844292418497975837e-03
1.757012634272243088e-03
2.104523107096282434e-03
3.065215090327088297e-03
2.738976735469677518e-03
2.485242375079646949e-03
2.297401640539954975e-03
2.157604501352779636e-03
2.063071124113455713e-03
2.005181551132397509e-03
1.970434117514393690e-03
1.957433676574152348e-03
1.962473263000427161e-03
1.978705304471631374e-03
1.962354831374344289e-03
1.948590932701122760e-03
1.843722765791255824e-03
1.719500183066953415e-03
1.595992144601128667e-03
1.566116922020030196e-03
1.553926780157155203e-03
1.475548265049753983e-03
1.253428089688917975e-03
1.040104702154456134e-03
4.285104450030455367e-04
2.962596468815032434e-03
2.657183000039875682e-03
2.419923208095745102e-03
2.245123315208632543e-03
2.114299059543052819e-03
2.025895329964107032e-03
1.970503536753652127e-03
1.936031299827756973e-03
1.920603976150680363e-03
1.919929207145892576e-03
1.928230781258838617e-03
1.905972863287822439e-03
1.886487354723143930e-03
1.789315631621899187e-03
1.680658802053040324e-03
1.575705980165311056e-03
1.549521637043717575e-03
1.535767430614229769e-03
1.478802047497949999e-03
1.346374153392744912e-03
1.284459336758870304e-03
1.102561348564850760e-03
2.226884396797445750e-03
2.862317573891647818e-03
2.574987891526952025e-03
2.352791487826942814e-03
2.188176505907616590e-03
2.065400512162761642e-03
1.981380463636283479e-03
1.927616665939918712e-03
1.892644286356694617e-03
1.873950075523074217e-03
1.868079128941600589e-03
1.867655596634308765e-03
1.841427001244529300e-03
1.814652868867379235e-03
1.723431398397388742e-03
1.622789616391160251e-03
1.529012121950383768e-03
1.498599918094944234e-03
1.476616040423244869e-03
1.421516884170302784e-03
1.318446026236740455e-03
1.274920582778208637e-03
1.185396993932517039e-03
1.618957801583262735e-03
1.229664469316201023e-03
2.758281634206838102e-03
2.487412476352808370e-03
2.276960946428313939e-03
2.121248336344796256e-03
2.004165437801702036e-03
1.922949412392190027e-03
1.869318183703478882e-03
1.832054407673335255e-03
1.809484194394838860e-03
1.796159740202720595e-03
1.788275767491417185e-03
1.755030437679910632e-03
1.721344616261097360e-03
1.630329162624917895e-03
1.533196914583406529e-03
1.441387475689421801e-03
1.400251192635499709e-03
1.361740547275730982e-03
1.293698459513771028e-03
1.187292451150758626e-03
1.121945311733254938e-03
1.023448302972458255e-03
1.166197531335708614e-03
8.580022994180390439e-04
9.623363970060639250e-04
2.660475165534648308e-03
2.403509216368654184e-03
2.204463326344319012e-03
2.056379844851346107e-03
1.944607036590079163e-03
1.866028621754290025e-03
1.812341451065957454e-03
1.773867324287610155e-03
1.747058591700940315e-03
1.729642481359080835e-03
1.714567995939702411e-03
1.677799078213415996e-03
1.638339239844532847e-03
1.550402086931112686e-03
1.456864490631813811e-03
1.369538550487917625e-03
1.323212520543195830e-03
1.278390800620385652e-03
1.208166369117963075e-03
1.109929150242479432e-03
1.043507598888133471e-03
9.560084306910235884e-04
1.012074279176429547e-03
7.668383102492911481e-04
7.021520037599403253e-04
9.336301152612222964e-04
2.563842756083878002e-03
2.320173264943124324e-03
2.130815040822495871e-03
1.989556923152170122e-03
1.882326803230621910e-03
1.805489011878071409e-03
1.752033359855525866e-03
1.711002764658751778e-03
1.682024483511598660e-03
1.659278407839284621e-03
1.639347135646873491e-03
1.598111768111931414e-03
1.555139503529839873e-03
1.468596858297461279e-03
1.378556915191800564e-03
1.293617884614275656e-03
1.243582005421640805e-03
1.193085440039083275e-03
1.121413717931340603e-03
1.027477003135352819e-03
9.597862754594811956e-04
8.765389754991677199e-04
8.887522093709640655e-04
7.001633022136712547e-04
6.568367705965110241e-04
7.016001184887316619e-04
5.672938236417904767e-04
2.475544292888576768e-03
2.243861009539889918e-03
2.063858539958147650e-03
1.929223363711553589e-03
1.826199723896373105e-03
1.752035632134619049e-03
1.698173324273683947e-03
1.657420397842354273e-03
1.625794308099368134e-03
1.600889955402153095e-03
1.576679816319746059e-03
1.534437246693798459e-03
1.489295283136685393e-03
1.406854922020030988e-03
1.321365792131198652e-03
1.241991491012393737e-03
1.192298285305164098e-03
1.142907256328841046e-03
1.075983189121638029e-03
9.935550312782732898e-04
9.333735670482243849e-04
8.647136950409361816e-04
8.682635351166955069e-04
7.294156450008006760e-04
7.103781008883032532e-04
8.067384079532798676e-04
8.113763651064462073e-04
1.250849963364114451e-03
2.397487384259063600e-03
2.177492111671197085e-03
2.006594870822018227e-03
1.878199118808861505e-03
1.780201945231611651e-03
1.707903258123071510e-03
1.656311101958318679e-03
1.615137771429768585e-03
1.583695219536198446e-03
1.556839866028370293e-03
1.531739019477154976e-03
1.489349032105289836e-03
1.445210851409559766e-03
1.367710692948897111e-03
1.289267317832444798e-03
1.216613377698471093e-03
1.171247641810308285e-03
1.126229139290159343e-03
1.068512260273002997e-03
9.992023601405070760e-04
9.523673821481121703e-04
9.010427023337130078e-04
9.129313414821431990e-04
8.201683012501330460e-04
8.430403184623244152e-04
9.654909833783377991e-04
1.052480912468532325e-03
1.356447894477125172e-03
1.554742683970609333e-03
2.320351960974705204e-03
2.111024592015531623e-03
1.947960912532877703e-03
1.825699438641631119e-03
1.730768580950183943e-03
1.661777360757051968e-03
1.610357971325737268e-03
1.569971140151572506e-03
1.537109561294430467e-03
1.509569590530572027e-03
1.482425362119283233e-03
1.440435783870290185e-03
1.396065043784521084e-03
1.323032264023425329e-03
1.249175606001681500e-03
1.181830038726200665e-03
1.137829957029545380e-03
1.095428503077249850e-03
1.041617874442690673e-03
9.808519359615936340e-04
9.393677019035973986e-04
8.978091000826319158e-04
9.064181770860804807e-04
8.373254944911523272e-04
8.596327537223127924e-04
9.360202181534353931e-04
9.824742638219661171e-04
1.097074187911922100e-03
1.106839114204266356e-03
1.088880929872913230e-03
2.251483950472228570e-03
2.051966823912276198e-03
1.897117539667245167e-03
1.779549174620215267e-03
1.689803963828012765e-03
1.622657218855945091e-03
1.573439315395218016e-03
1.533051889823074283e-03
1.500966222822575557e-03
1.472645966550322058e-03
1.445467697995620696e-03
1.404136764550933470e-03
1.361560168102827388e-03
1.293007646923901698e-03
1.225155225042017914e-03
1.163155855583735505e-03
1.123123472058365664e-03
1.084102956337877361e-03
1.037444028280829714e-03
9.850517364097502622e-04
9.522090327401865149e-04
9.201192003408454256e-04
9.321478988563651306e-04
8.830410455212992860e-04
9.121052893739584663e-04
9.811577414786611020e-04
1.029079142051315607e-03
1.115937220931263307e-03
1.114266258666527041e-03
1.010776446908352678e-03
1.463356057605673778e-03
2.185052406801169834e-03
1.995291141132289180e-03
1.846632290053727742e-03
1.735388740413801268e-03
1.648659735739029832e-03
1.584714446578675820e-03
1.536116609593613782e-03
1.497089286138089627e-03
1.464698531325185410e-03
1.436535527697156657e-03
1.408616971475506281e-03
1.368674368386352735e-03
1.327002525567047651e-03
1.262973420666637508e-03
1.199433162962913746e-03
1.142613901605540666e-03
1.104576939332450707e-03
1.069272555008967404e-03
1.026549650675139284e-03
9.813475650606495650e-04
9.527333006052018504e-04
9.269223320887352542e-04
9.373976801311938471e-04
8.997792082887932962e-04
9.253748905400724237e-04
9.804782868504098668e-04
1.013825517311241035e-03
1.066754022737517651e-03
1.040951839542502604e-03
9.561803416219982104e-04
1.103588308423849142e-03
7.833703421952688956e-04
2.119308531622861053e-03
1.937034109259170526e-03
1.796066719594863973e-03
1.688716748105601167e-03
1.606162025496614973e-03
1.543558337850074302e-03
1.496716573212481102e-03
1.457700204843108763e-03
1.425662196462098609e-03
1.396678280187718885e-03
1.368658885846508588e-03
1.329014573339334449e-03
1.288541781969509579e-03
1.227383458796525587e-03
1.168007795391715802e-03
1.113994481577534239e-03
1.078311056526201021e-03
1.043897433531968582e-03
1.004797123579669700e-03
9.629605445189180291e-04
9.371259748643633036e-04
9.130552618897918270e-04
9.202993692768525512e-04
8.869178027531493059e-04
9.046925661540902068e-04
9.408959617020675598e-04
9.571627322555261884e-04
9.784463376477385479e-04
9.363843683807120686e-04
8.535756425147300857e-04
8.677677885213047572e-04
6.864477399492764078e-04
7.102899730666536364e-04
2.060983767138727281e-03
1.888216606944437704e-03
1.752880741371538225e-03
1.651150001006612428e-03
1.571420746836861473e-03
1.511943138215548566e-03
1.466204460900294741e-03
1.428652187976156866e-03
1.396859480663517313e-03
1.368695664158035060e-03
1.340766628965524591e-03
1.303013459378713672e-03
1.263918235486925041e-03
1.207281846234958562e-03
1.151650965678201839e-03
1.102805820301215947e-03
1.069353864212267170e-03
1.038964262370167336e-03
1.003685548377672085e-03
9.679584823981552668e-04
9.458893648512462166e-04
9.272895831799122168e-04
9.352480933746998596e-04
9.104332760181236021e-04
9.284037755390626111e-04
9.628661216211484210e-04
9.795160484467818965e-04
1.001463298388876504e-03
9.758791443515553660e-04
9.366764243185134869e-04
9.849287858626236056e-04
9.308747936213470709e-04
1.076461433411088613e-03
1.718603008460117126e-03
2.010456681230977753e-03
1.844802962581857308e-03
1.716611285799344742e-03
1.618825008369544375e-03
1.543424056547553587e-03
1.486060423791041524e-03
1.442523897665667519e-03
1.405930637726959679e-03
1.375561855504640841e-03
1.347922326470423707e-03
1.321267587566629783e-03
1.284999791914005068e-03
1.248587890567221751e-03
1.195413962642556801e-03
1.145098074426455226e-03
1.099969760531532186e-03
1.070730098290829458e-03
1.043315974585780521e-03
1.013297295218115388e-03
9.824574375014191556e-04
9.655246454625220206e-04
9.515154551578173603e-04
9.620605500078130987e-04
9.443251499142450624e-04
9.656262672886660545e-04
1.000635194982608988e-03
1.021478658761859658e-03
1.046990480023363753e-03
1.038312299481702677e-03
1.028848334000640689e-03
1.100810104159404001e-03
1.107465842322985635e-03
1.279307085077275663e-03
1.654379005301419769e-03
1.600137046534045671e-03
1.961345853639864280e-03
1.804071307300044325e-03
1.680940666709252384e-03
1.588289463497420239e-03
1.515776406072843682e-03
1.461221141294924289e-03
1.418931701706739601e-03
1.384009848679540553e-03
1.354243711433405009e-03
1.327763049042496660e-03
1.301509323836110661e-03
1.267408269518952111e-03
1.232210603719608236e-03
1.183458821884680835e-03
1.136247780408546331e-03
1.095716278853610826e-03
1.068610876797413105e-03
1.044629389344095636e-03
1.017594779515843722e-03
9.914463455857941334e-04
9.772352132486647296e-04
9.667707546484549880e-04
9.772137321213526882e-04
9.650019817212416792e-04
9.857757594716484804e-04
1.019493308845320200e-03
1.039012469866158967e-03
1.064020109687859213e-03
1.059784575857477835e-03
1.063021425829024967e-03
1.128865721717792463e-03
1.144617238043892657e-03
1.264140191310372243e-03
1.447748591690791635e-03
1.306253899702621490e-03
1.069558187331480373e-03
1.914866843755008881e-03
1.763751009108450573e-03
1.646844474951436859e-03
1.557797890429749987e-03
1.488807694725615121e-03
1.436039024216071271e-03
1.395665644967361129e-03
1.361561164394646615e-03
1.332998008905663485e-03
1.306805978179549806e-03
1.281739046113783854e-03
1.248401861045028574e-03
1.215665657257772401e-03
1.169292158738122417e-03
1.126226658905331909e-03
1.088225407349905499e-03
1.063952560975175770e-03
1.041538974975602045e-03
1.017832010278626456e-03
9.943847303456128297e-04
9.825739759965054429e-04
9.733536667347803852e-04
9.840923008289175454e-04
9.741819526530085243e-04
9.939619386720741166e-04
1.023606989241204182e-03
1.041376201667759856e-03
1.061563748628186095e-03
1.059759334857558527e-03
1.064075291850835429e-03
1.118657661099787225e-03
1.127106185491081377e-03
1.203013155402256991e-03
1.287911619006605829e-03
1.149013913505282647e-03
9.772305591959832942e-04
8.948345455638535926e-04
1.871413452566841580e-03
1.727726267771258900e-03
1.615526244886170745e-03
1.530804220795185279e-03
1.464376600015854365e-03
1.414160347180191523e-03
1.374975703612783557e-03
1.342435528552942845e-03
1.314389218784160285e-03
1.289479763315660955e-03
1.264537351998823141e-03
1.233509720915427869e-03
1.201709447610907130e-03
1.159169754290076838e-03
1.118606392437579032e-03
1.084200674011771099e-03
1.061435871501797057e-03
1.041677773178782684e-03
1.020139879138522599e-03
9.998299876476718015e-04
9.892380492654226105e-04
9.825844424702029432e-04
9.927060495604207550e-04
9.858854694664966403e-04
1.004062824594292597e-03
1.031931131412235298e-03
1.046984075691422683e-03
1.066288500946376699e-03
1.064780286868393820e-03
1.071508743613159209e-03
1.115117839573326764e-03
1.121898272688613739e-03
1.173208902848038105e-03
1.219720091127766883e-03
1.106227915872853894e-03
9.953705113481582396e-04
1.004681896657178735e-03
1.200953089385277872e-03
1.830876212945167737e-03
1.692925126482462813e-03
1.586029327277737547e-03
1.504532588195285929e-03
1.441300335505173733e-03
1.392758258918697046e-03
1.355373451038753866e-03
1.323555877166461992e-03
1.296855662314695245e-03
1.272008633299800658e-03
1.248641918611937155e-03
1.218253093856909528e-03
1.188843847938303314e-03
1.148376618419554279e-03
1.111224707728143950e-03
1.078802056430534307e-03
1.058410234596971269e-03
1.040010348308873130e-03
1.020889592474148386e-03
1.002098836355451135e-03
9.936318744502244983e-04
9.877479885751321020e-04
9.979347719747593080e-04
9.920812542448147805e-04
1.009624543638255488e-03
1.033492686713288885e-03
1.047943946333153298e-03
1.063389782980479802e-03
1.063356809714439922e-03
1.068327842127305598e-03
1.104009941521561433e-03
1.105925064451078813e-03
1.141539088675762054e-03
1.164252070314718409e-03
1.072043107728511179e-03
9.925982825478173090e-04
1.000498242385602097e-03
1.054931734968944483e-03
9.436950723762645241e-04
1.788558729350026109e-03
1.656776588331610855e-03
1.553872171196477112e-03
1.476049326293982396e-03
1.414914117577836762e-03
1.368443444542267150e-03
1.331798207808004451e-03
1.301299220329200966e-03
1.274493146846307923e-03
1.250914195373677845e-03
1.227268998198018709e-03
1.198725947871268115e-03
1.169816543074581137e-03
1.132093256467874530e-03
1.096447428671110721e-03
1.066470561387362513e-03
1.046758681927865585e-03
1.029614162752788987e-03
1.010891293733180013e-03
9.939551360424422107e-04
9.852656318265261368e-04
9.799076135813826645e-04
9.876296989363077695e-04
9.823236279042535553e-04
9.954925002750450794e-04
1.015914089470241035e-03
1.025003391287373621e-03
1.036505537250833730e-03
1.031897706957646439e-03
1.032441287143404151e-03
1.053778324012532956e-03
1.047090752840429623e-03
1.060453440164864456e-03
1.057599718427911992e-03
9.644207900252812094e-04
8.829156568735169099e-04
8.479070065254817185e-04
8.056842401982959112e-04
6.631571586990425617e-04
6.664405180235881323e-04
1.747668155212860541e-03
1.620798225799568179e-03
1.522431140565710635e-03
1.447289702152077841e-03
1.388786699158618730e-03
1.343473689728732871e-03
1.308348696077865246e-03
1.277913538187530011e-03
1.252426430674039460e-03
1.228519553608914969e-03
1.206122174144990756e-03
1.177864814264358018e-03
1.150593270587746972e-03
1.114135197429369116e-03
1.080912191437801437e-03
1.052165595791838913e-03
1.033656076613044235e-03
1.016497387573563624e-03
9.993493157653880830e-04
9.827567398667197505e-04
9.746524828846382053e-04
9.683976386729055419e-04
9.750958608448151779e-04
9.682350771686233952e-04
9.798105442483738114e-04
9.950442377860255119e-04
1.001955945983676929e-03
1.008370615630548028e-03
1.002262583673246528e-03
9.983518381679868086e-04
1.012565624542650445e-03
9.997311085581730983e-04
1.002400610048500076e-03
9.872123991318511663e-04
9.047086641952425869e-04
8.320205967374235193e-04
7.917062825228300942e-04
7.459566070626772382e-04
6.763821624729353908e-04
6.603900388539891021e-04
9.612781034775561484e-04
1.708543477116947597e-03
1.587164036659529211e-03
1.492349813022559018e-03
1.420468289671678172e-03
1.363710413683579762e-03
1.320388615471413882e-03
1.285592972359464112e-03
1.256729487923535825e-03
1.231065306838273260e-03
1.208464259663934257e-03
1.185943052458384057e-03
1.159258577119093650e-03
1.132403928892137396e-03
1.098307470329714600e-03
1.066468031748817004e-03
1.039581120571412588e-03
1.021203127240380816e-03
1.005469298770567685e-03
9.886710328370624905e-04
9.734435849614865273e-04
9.648304271102945773e-04
9.592129255203994459e-04
9.633715752762836166e-04
9.576161426636832768e-04
9.658164098577354077e-04
9.792652074297647675e-04
9.828149945191081652e-04
9.874651332801543616e-04
9.789352144383941298e-04
9.742935494621197826e-04
9.823219831816632289e-04
9.682505884730398639e-04
9.642556660800444355e-04
9.460840641836634063e-04
8.744396769559631497e-04
8.150524709454074835e-04
7.813582656884178902e-04
7.492666348493773375e-04
7.067171835862478104e-04
7.002387244680062560e-04
8.456650314909982874e-04
8.662533896848289899e-04
1.676467913776398793e-03
1.559687901763175122e-03
1.469130801053162086e-03
1.399750912507724500e-03
1.345726966383290228e-03
1.303368023630977878e-03
1.270612435512795488e-03
1.242038995265836105e-03
1.218064195998097565e-03
1.195668212787611524e-03
1.174632017473506689e-03
1.148615018312739745e-03
1.123685872575988813e-03
1.091267146603759879e-03
1.061790063138396377e-03
1.036024330978553998e-03
1.019660023512260422e-03
1.004655081132590794e-03
9.897787991297872685e-04
9.753273682614029341e-04
9.683703008765974811e-04
9.624384916986126288e-04
9.677919031688125969e-04
9.619533204534275574e-04
9.710962790112894014e-04
9.828368295003483534e-04
9.874001513134169142e-04
9.910223886928839088e-04
9.852014211119673476e-04
9.811991615307096883e-04
9.899954035107866573e-04
9.782958291473893217e-04
9.775354951052838900e-04
9.641707701112070972e-04
9.098649354905577686e-04
8.686649590809745808e-04
8.563352517165905573e-04
8.509670679300471120e-04
8.435482310872509598e-04
8.975457684803841724e-04
1.132069742292645190e-03
1.417245602351327807e-03
2.045539034301673779e-03
1.647267441464620504e-03
1.535614695014604278e-03
1.448342353585375421e-03
1.382259082406742503e-03
1.329706500775416087e-03
1.289799390792966240e-03
1.257558463563198227e-03
1.230884308851465684e-03
1.207232363658528778e-03
1.186365261919070622e-03
1.165662567980285235e-03
1.141508194645599831e-03
1.117585496574401106e-03
1.087487813681488986e-03
1.059241795201191832e-03
1.035969289958631407e-03
1.020398190846010921e-03
1.007162282660683736e-03
9.930036344461027568e-04
9.806842240582241271e-04
9.735606746078360064e-04
9.697985702713084882e-04
9.741579094130895563e-04
9.707148705119994156e-04
9.789213020086648225e-04
9.912878930282925747e-04
9.951125752948582290e-04
1.000263689080827271e-03
9.952756462213838053e-04
9.937722103198743349e-04
1.002009218723955717e-03
9.944658131430588952e-04
9.954504711615591410e-04
9.880307721688501126e-04
9.463623315119537019e-04
9.207514679298450799e-04
9.225500698042967372e-04
9.361266081007494581e-04
9.528285149463872538e-04
1.033432741182520233e-03
1.242707994688485237e-03
1.455960810919272770e-03
1.688806691451520984e-03
1.351555548959108800e-03
1.619720078206472605e-03
1.512095287938545378e-03
1.428801535306284485e-03
1.364628224460535336e-03
1.314939602518719374e-03
1.275829506045277539e-03
1.245605909321308678e-03
1.219338474233563376e-03
1.197210476881148703e-03
1.176597300374514037e-03
1.157322858660925907e-03
1.133991945290196805e-03
1.111652417214348655e-03
1.082615873860875034e-03
1.056824292314631529e-03
1.034610343616219723e-03
1.020677705833660616e-03
1.007819553552243399e-03
9.955234482066550612e-04
9.832025335085735514e-04
9.780801633459490583e-04
9.738425698097974816e-04
9.794168794556665919e-04
9.758470358978144077e-04
9.848157173492149644e-04
9.954918711189760395e-04
1.000428042853927909e-03
1.004698803018649021e-03
1.001661237371197395e-03
1.000108867022352988e-03
1.008890901528972919e-03
1.002444066867766437e-03
1.005279973680968516e-03
9.997825270353685300e-04
9.676324776506815481e-04
9.498415630326920720e-04
9.584253730356782474e-04
9.767360090235052174e-04
1.000002502015043086e-03
1.072621556218359513e-03
1.227158090687804817e-03
1.348619587313381859e-03
1.410552273425968312e-03
1.129092309012370756e-03
9.298417952442783506e-04
1.595334280136877355e-03
1.492502049017253299e-03
1.411837477723606321e-03
1.351066308939065461e-03
1.302649367929548498e-03
1.265944369946750501e-03
1.236352965778385457e-03
1.211820149890272674e-03
1.190082194352800422e-03
1.170971858936142298e-03
1.152289571113041975e-03
1.130545523526472335e-03
1.108782886814320325e-03
1.082250716545464769e-03
1.057693828452985858e-03
1.037599593662744991e-03
1.024183645782622380e-03
1.013181948473133951e-03
1.000954169618987989e-03
9.911382079609452542e-04
9.857936589978018565e-04
9.836803180145769262e-04
9.886184401452370162e-04
9.871100126271712544e-04
9.952009585569938834e-04
1.006909052354557381e-03
1.011488675512365936e-03
1.017246069370465180e-03
1.014853783053609824e-03
1.015634078888717892e-03
1.024174942826589895e-03
1.021211143310323845e-03
1.025405775985031289e-03
1.024344670229257025e-03
9.999925288030908372e-04
9.914939542113828438e-04
1.006072464120352826e-03
1.031481549979094275e-03
1.061405952568517629e-03
1.133669453312683741e-03
1.262401656304490156e-03
1.357534676378592759e-03
1.397260613355888860e-03
1.251479608259449755e-03
1.260093033938539803e-03
1.616715267885404520e-03
1.569146080554030239e-03
1.469500255777219169e-03
1.392748106512119947e-03
1.333520921916138630e-03
1.287743659363665494e-03
1.251774458620061618e-03
1.223868302920312883e-03
1.199629841057169456e-03
1.179210407285398096e-03
1.160430989529818817e-03
1.142773056218426538e-03
1.121248162815542551e-03
1.101175685792263282e-03
1.075532166899990276e-03
1.052839349267350360e-03
1.033228341941086741e-03
1.021268006193717937e-03
1.009741986739725065e-03
9.994628828554148661e-04
9.891675673182737365e-04
9.853688100441685988e-04
9.825106932066795824e-04
9.880165836107254827e-04
9.856094917937790155e-04
9.940474053336059452e-04
1.003774343797087616e-03
1.008585213813829482e-03
1.012676721002889451e-03
1.011081110332908003e-03
1.010620225761607810e-03
1.018474691794725136e-03
1.014515589350973961e-03
1.018121233754427576e-03
1.015446253215414926e-03
9.943153261966310771e-04
9.857040933358158629e-04
9.974334287092751546e-04
1.015801362331078973e-03
1.036855916610651468e-03
1.085710386458710666e-03
1.168531580994777459e-03
1.206693631902032438e-03
1.185114271159365927e-03
1.026498513331787488e-03
9.338427889109122320e-04
8.489844380386559137e-04
8.400732152926561986e-04
1.544506717670627964e-03
1.449506249879539514e-03
1.374926849598480817e-03
1.318801887717085475e-03
1.274162348672010225e-03
1.240196407774019028e-03
1.212760286597526970e-03
1.189995994941451390e-03
1.169999994830696680e-03
1.152280824910774338e-03
1.134617656036766018e-03
1.114769028163468999e-03
1.095162385266836231e-03
1.071415603081246658e-03
1.049347131544198664e-03
1.031592776957116495e-03
1.019206245105894713e-03
1.009612167213077161e-03
9.989064541599639024e-04
9.905681062978874234e-04
9.862321163527267964e-04
9.846815050280569720e-04
9.888795512433162013e-04
9.878877977284945995e-04
9.949611033550785546e-04
1.004825918104033542e-03
1.008416228934573165e-03
1.013024062892878578e-03
1.010810702987745280e-03
1.011189264106335771e-03
1.017413814130222220e-03
1.014580068648663095e-03
1.016945834660335423e-03
1.015249450498614727e-03
9.963714950498969280e-04
9.900895615626125867e-04
1.000132514028815971e-03
1.016388354487032623e-03
1.032803625939616218e-03
1.071518833575445468e-03
1.131017157519842225e-03
1.151117555212008642e-03
1.120385685383810904e-03
9.999417321635160807e-04
9.356498078228180646e-04
8.944294097679695264e-04
7.524330406012655651e-04
1.261866382929631956e-03
1.521655903087671064e-03
1.429439914967313950e-03
1.358532426998922517e-03
1.303907761156694080e-03
1.261604972524888466e-03
1.228335270474121936e-03
1.202474949081595900e-03
1.180204404228409661e-03
1.161277239629872858e-03
1.143503719394932438e-03
1.127226102454291197e-03
1.107741918396500319e-03
1.089558515308831216e-03
1.066371745542105034e-03
1.046194024162831315e-03
1.028264206160929995e-03
1.017781594480531362e-03
1.007605447457851112e-03
9.987655589973679082e-04
9.900945222220815072e-04
9.870673858208909700e-04
9.846668955848926312e-04
9.896898702254860493e-04
9.880231558101655338e-04
9.954733226179733260e-04
1.003685424956959850e-03
1.007790513699663481e-03
1.011119339585474968e-03
1.009832731670987039e-03
1.009312908032617253e-03
1.015447145124702237e-03
1.011963241725580363e-03
1.014583603788378995e-03
1.012145392569696037e-03
9.960924077606549566e-04
9.901671210682460537e-04
9.993882135280267830e-04
1.012205004683967369e-03
1.025870057634152999e-03
1.055205903848146750e-03
1.099845237677674536e-03
1.107820824574068776e-03
1.076255842704192589e-03
9.800958943971891778e-04
9.325582770999422738e-04
9.050713714588305139e-04
8.273337483593971040e-04
1.075632086002436053e-03
9.155830115544629855e-04
