6.105586771264834289e-02
4.666280764708893858e-02
3.847823324228710762e-02
3.293060690671951313e-02
2.890783373319606026e-02
2.575281089213560942e-02
2.289075889644228909e-02
2.090826638953539179e-02
1.922798644464899717e-02
1.787284342728718764e-02
1.639943175832898198e-02
1.546432690010688706e-02
1.439970086241677306e-02
1.344918031835450924e-02
1.300525709920561865e-02
1.203631638128131037e-02
1.149889212228254881e-02
1.093046346107172731e-02
1.036120558642279407e-02
1.041293870082110086e-02
9.826432926162500386e-03
9.262534140971888028e-03
9.218589031957689223e-03
8.641737723485129474e-03
8.644201238030483139e-03
7.959641907009123996e-03
7.965702070609030627e-03
7.282529556730187384e-03
7.306745144112613242e-03
7.342196498245338702e-03
6.634591829727782587e-03
6.666735282594458273e-03
6.675338861652497027e-03
5.940356720688237321e-03
5.981237679365464417e-03
6.019271707757133799e-03
6.031280316594674930e-03
5.281831400481299017e-03
5.310431805704057297e-03
5.327947412275239533e-03
5.318696532049124737e-03
5.320405121547576097e-03
4.531452306539216802e-03
4.589102256855050535e-03
4.621744808476580500e-03
4.645079059689600359e-03
4.688724581413811210e-03
4.676637596525312635e-03
4.700699469394453885e-03
4.718190638169975776e-03
3.855502559454745352e-03
3.869533081451876581e-03
3.884933185812291037e-03
3.911721555405920855e-03
3.946493492062834625e-03
3.956213242481247845e-03
3.979794880128719944e-03
4.011667680325357692e-03
4.017183965130666917e-03
4.046937230021702657e-03
3.132510161805671968e-03
3.135418138837023968e-03
3.121462903694080700e-03
3.109487722389627038e-03
3.107193875699077769e-03
3.098211715454081416e-03
3.124113236091362582e-03
3.144082685906480785e-03
3.144800804263615888e-03
3.185457698323432979e-03
3.207563991334375347e-03
3.215215877389306608e-03
3.236198222218246868e-03
3.252980134955168936e-03
3.279212286280773492e-03
2.278715384825424298e-03
2.293152270040591141e-03
2.307720863628730679e-03
2.297553926238875884e-03
2.303811768837571525e-03
2.305003789502765594e-03
2.298831400431917103e-03
2.287257580787086398e-03
2.286202418530338624e-03
2.294253399611516191e-03
2.301869453318735638e-03
2.307235032131678756e-03
2.319687311370869157e-03
2.319460481407112275e-03
2.343315529772547340e-03
2.342615710074766495e-03
2.368189040237426816e-03
2.380748488689710465e-03
2.404346472255077839e-03
2.419795364181542754e-03
2.425963490986500753e-03
2.432075379787014026e-03
2.439204416901599986e-03
2.455809325816317272e-03
2.465474496497529772e-03
1.306985179079059181e-03
1.323235628939815672e-03
1.328849693957795744e-03
1.338942318633871325e-03
1.349835954479044597e-03
1.360379464328665246e-03
1.365527399587415517e-03
1.372292280684954662e-03
1.392814844546257178e-03
1.394790256290223554e-03
1.397515923246186531e-03
1.409639866602881760e-03
1.433564259576584421e-03
1.440170736745772411e-03
1.448129269045547599e-03
1.456519962319190566e-03
1.473125474049498266e-03
1.478405577161737150e-03
1.473081452017865845e-03
1.489121712977489699e-03
1.488533844904584664e-03
1.489273012921460502e-03
1.493768279833371888e-03
1.502902843067619593e-03
1.516524208544981411e-03
1.514709094848558629e-03
1.517493416282178834e-03
1.519480908410473933e-03
1.518974526441599273e-03
1.520266600068284710e-03
1.523028007963141486e-03
1.521356444102335602e-03
1.515518076829042030e-03
1.520737810291794469e-03
1.528319305787837097e-03
1.539918010570142564e-03
1.535243254610744535e-03
1.554741897352533535e-03
1.561370171351829286e-03
1.576312083742228715e-03
1.587366615872512271e-03
1.588488457503448199e-03
1.606633752662955722e-03
1.607493859150023463e-03
1.625172918848840145e-03
1.633660679364907966e-03
1.634190452432871758e-03
1.641665910534616073e-03
1.642929891256642927e-03
1.648520680167731923e-03
