1.192090984780717379e-02
8.891151651834895003e-03
7.327516697499864354e-03
5.581023753153484951e-03
4.098444834250217217e-03
3.472871243118511638e-03
2.839755639166320362e-03
2.264755873021906309e-03
1.061183301439589700e-03
2.338781667889195618e-03
7.940664119737878305e-04
2.719796405050358724e-03
2.910225800592178714e-03
3.405932487578778971e-03
1.966218121044352972e-03
1.464624619599715159e-03
1.639013956217633215e-03
2.208897609267815917e-03
1.463726937604481731e-03
2.144445489111264543e-03
3.818943223464145074e-04
2.261947835613238589e-03
1.230049415145861250e-03
9.430803681402032210e-04
9.621698148397685993e-04
5.812014861870240653e-04
1.275256897816231302e-03
1.587911915750586265e-03
1.091239051817389930e-03
1.494619546180724979e-03
8.102998750168007719e-04
7.062187154980055634e-04
1.752098964325013181e-03
1.634908881673664436e-03
1.089894978827163959e-03
9.169769507285741115e-04
1.239173354777184507e-03
9.768503622600449056e-04
6.437010050273871391e-04
9.543833976692177052e-04
8.970761795176176914e-04
2.088269210467187317e-03
1.397023688604031493e-03
9.693382441349693290e-04
1.665341527633608116e-03
7.857778153415836183e-04
1.308117174046281427e-03
9.561042093547582939e-04
8.284901162453990262e-04
1.061632777583276267e-03
