1.591662011433679288e-02
1.359503313782930121e-02
1.111540991070881536e-02
1.210025603623163595e-02
1.022037470451871155e-02
9.334727154643363348e-03
1.082342580640105988e-02
9.211416019980439226e-03
8.228329995258127152e-03
7.105105848413334826e-03
9.782142194051235765e-03
8.373751873706876403e-03
7.464915438377744614e-03
6.574647082002277668e-03
6.082418223920232209e-03
8.940905546404396415e-03
7.710357459304960533e-03
6.891031593230716873e-03
6.155287840523959199e-03
5.700222839826569847e-03
5.392977932942688568e-03
8.243766144777448304e-03
7.155084933035267027e-03
6.424644847348295017e-03
5.794742233911678517e-03
5.389983302068387765e-03
5.057300874634557304e-03
4.847734590771797178e-03
7.678270689728330066e-03
6.717125866287827936e-03
6.068109540144142437e-03
5.529239505701608222e-03
5.177678928321876629e-03
4.908316343435140811e-03
4.725829891991094669e-03
4.660886418110524870e-03
7.127442338416853894e-03
6.252276946629605620e-03
5.649127474654554691e-03
5.141378500294929883e-03
4.780709147650501374e-03
4.458350767483565229e-03
4.148550103917663517e-03
3.727887788288306199e-03
2.844644873893318292e-03
6.564008592393916555e-03
5.747890918006278924e-03
5.163212363862128285e-03
4.662548857403992289e-03
4.267110879831365056e-03
3.881678850651523998e-03
3.467990236138235489e-03
2.912293306228745313e-03
2.094658818917409689e-03
1.355810192660373160e-03
6.064835620971094181e-03
5.301320646745781053e-03
4.746770689349253877e-03
4.263548297056714113e-03
3.869796241340441555e-03
3.480202989501776471e-03
3.077364381351967767e-03
2.586578425014707423e-03
2.034671336627932609e-03
1.752699640867531059e-03
2.145916256748601429e-03
5.634181937910188141e-03
4.927167404317952908e-03
4.404032231232475440e-03
3.950452746147196242e-03
3.573900612324388323e-03
3.209818850380900812e-03
2.844756005772697792e-03
2.441912778374564531e-03
2.047946661059820306e-03
1.912022419684472055e-03
2.161204586585909089e-03
2.253097212476293416e-03
5.241319004078111472e-03
4.580298241477997329e-03
4.088414237827297203e-03
3.659047828378081315e-03
3.302155564211543132e-03
2.958227853087040150e-03
2.625281374858410947e-03
2.275028034642633500e-03
1.960140663404844052e-03
1.843045012884212113e-03
1.932945326851630329e-03
1.797629977369456008e-03
1.427847273209156137e-03
4.924077596826373707e-03
4.313431255847460788e-03
3.855300640876570869e-03
3.460873143504953307e-03
3.132321320616720649e-03
2.825547521773971119e-03
2.536949609349420463e-03
2.253852685355301356e-03
2.020740814318034480e-03
1.964791425245662488e-03
2.068822152956166071e-03
2.073319635154171996e-03
2.113024480131755339e-03
2.869480407289144892e-03
4.662990486586772280e-03
4.097381425339379803e-03
3.675703139445204732e-03
3.313278506969525184e-03
3.016642619064808899e-03
2.744044863281601757e-03
2.497078975224015489e-03
2.267822662840364260e-03
2.095592200951186101e-03
2.079705227037241273e-03
2.193892249419989674e-03
2.255772618050162770e-03
2.368416917039104300e-03
2.830731292440400847e-03
2.871894714900018793e-03
4.442586486977034323e-03
3.921896196111701767e-03
3.531925984600517866e-03
3.202686479513841989e-03
2.934098674389006879e-03
2.694654801269705854e-03
2.482481296389489698e-03
2.298517786229230513e-03
2.170823261213298497e-03
2.181945985236863252e-03
2.296605113741987357e-03
2.378663223615476441e-03
2.497972937826891011e-03
2.802815562569482485e-03
2.793718274749680628e-03
2.758907214230310687e-03
4.227731010168255324e-03
3.741794566582268191e-03
3.380025005214162478e-03
3.074074341178180316e-03
2.826971815009849277e-03
2.607811242835187098e-03
2.417863170587574578e-03
2.256549635973493541e-03
2.147661938172749051e-03
2.153309294445985341e-03
2.235349316057648125e-03
2.279700181221170404e-03
2.328960927597993353e-03
2.448911198337720176e-03
2.271272964226030578e-03
1.926988626751742874e-03
1.139713658856783031e-03
4.030810657670281204e-03
3.579085361850357916e-03
3.240405544884905446e-03
2.956904532939997471e-03
2.726974540612658437e-03
2.526651973651761630e-03
2.353501754514154744e-03
2.210480985399563506e-03
2.113618495569837604e-03
2.113483782185000132e-03
2.169541514879134644e-03
2.188408187152039285e-03
2.198512005761892388e-03
2.235955828537758774e-03
2.044566055539860303e-03
1.765570170974242086e-03
1.395547494608886420e-03
1.689059094848958031e-03
3.868480273625276612e-03
3.446989066864895694e-03
3.132977170337246375e-03
2.870121662027544981e-03
2.659763812781708141e-03
2.477443707952618583e-03
2.323398249763882276e-03
2.198471811007819080e-03
2.117046181525908052e-03
2.118101609233470368e-03
2.164774378805486930e-03
2.178647479117210885e-03
2.183758416525166408e-03
2.204423656030943170e-03
2.066217606516543553e-03
1.907983654619618960e-03
1.797032505062328171e-03
2.175359350388011113e-03
2.667039338542530336e-03
3.714986304636445826e-03
3.322159368396081312e-03
3.027986909668776375e-03
2.784439897521023312e-03
2.588863870393405195e-03
2.421973657855216924e-03
2.281262444233248757e-03
2.169399903053021925e-03
2.096089011739389607e-03
2.093993403786414617e-03
2.127413142913522036e-03
2.130604461720611315e-03
2.122753825747305395e-03
2.122540449082259244e-03
2.000315646670816627e-03
1.879338554992494598e-03
1.806248310361242013e-03
2.005225629160931489e-03
2.062442949038442285e-03
1.524505494123383270e-03
3.569654211031362320e-03
3.200316412467540950e-03
2.925158093383452632e-03
2.696545425101345896e-03
2.514425912501019444e-03
2.358677181142093508e-03
2.228852747275388187e-03
2.125227224577675399e-03
2.057031152763510572e-03
2.049446290834950647e-03
2.070104515883827104e-03
2.061605521957361655e-03
2.042460053032232100e-03
2.023612476612942409e-03
1.909025492653133307e-03
1.798173627650245928e-03
1.724108843621300008e-03
1.810453992948134585e-03
1.741815009426365577e-03
1.336535369213225771e-03
1.231530213151715457e-03
3.440666915576145058e-03
3.095095458132143297e-03
2.836227907933967785e-03
2.623140151727961292e-03
2.452669744231695571e-03
2.308650653671080136e-03
2.188384861135323455e-03
2.093764192303138386e-03
2.030766251073386729e-03
2.020920402873447545e-03
2.033307545043003175e-03
2.020966355606956116e-03
1.997210366441007877e-03
1.973965475282743551e-03
1.874161956869377626e-03
1.783480540953934256e-03
1.726383441349878039e-03
1.784837172936835480e-03
1.732914162550556244e-03
1.525400803456544892e-03
1.623572016268145677e-03
2.020701974354825303e-03
3.317476969209174915e-03
2.991396630479550844e-03
2.748207187189961355e-03
2.547291540613574445e-03
2.387591668423375349e-03
2.252206418449291363e-03
2.140151585903553397e-03
2.051639120877425324e-03
1.991979553460436394e-03
1.978044430489453095e-03
1.983788401645476644e-03
1.965405072212831564e-03
1.937574908592313650e-03
1.907839100267124180e-03
1.815415774020953795e-03
1.730963105616358183e-03
1.674861134621476438e-03
1.701179659185981336e-03
1.639849590131545491e-03
1.482589633590865623e-03
1.528661418151616583e-03
1.599990622497448473e-03
1.292773975161998559e-03
3.195726485061777932e-03
2.888386569663398216e-03
2.657638239753750634e-03
2.468139843297052251e-03
2.316392125662561537e-03
2.188659136870478410e-03
2.082212327913994521e-03
1.997991385498996617e-03
1.938809176464108188e-03
1.921299905229309274e-03
1.918313852791907453e-03
1.894536501271024088e-03
1.860226650419924931e-03
1.823333431576901718e-03
1.732550923030963313e-03
1.648916037001919811e-03
1.587037004947696242e-03
1.585236953796954028e-03
1.509499280401050336e-03
1.364794502092931804e-03
1.349364226053213290e-03
1.297131328194701212e-03
9.870643537203383465e-04
7.428795410119596243e-04
3.087782649262349032e-03
2.796741801219695348e-03
2.578986048960887987e-03
2.399448595762849416e-03
2.256453030105554612e-03
2.135755253847332509e-03
2.035436518680883676e-03
1.955066727919409740e-03
1.899047207091436726e-03
1.878601681859867756e-03
1.871894172191070679e-03
1.845266585088614197e-03
1.809481873385051717e-03
1.770531679448736091e-03
1.686786269241982890e-03
1.609825954917965722e-03
1.552975900592899793e-03
1.544288814969666836e-03
1.478743954172031562e-03
1.368862055704273429e-03
1.362307611718086876e-03
1.336101501273477066e-03
1.195775074399692836e-03
1.259996872189955448e-03
1.798355784442991212e-03
2.986557646798203899e-03
2.711673948160184429e-03
2.504854001182281204e-03
2.335370015846057346e-03
2.199774636397068116e-03
2.085735936613681597e-03
1.989962136392735715e-03
1.914539208992480264e-03
1.859789906937955655e-03
1.838475218146817238e-03
1.827850536954393063e-03
1.799684098174687309e-03
1.762584990978012089e-03
1.723151755429108830e-03
1.645216075982906942e-03
1.574624336608167283e-03
1.521876371106095204e-03
1.509136271530194494e-03
1.450840012601504808e-03
1.362103850601147602e-03
1.354457379010576713e-03
1.334103129053544438e-03
1.247220984798588870e-03
1.313811245565303567e-03
1.526361087875323505e-03
1.288781218278773656e-03
2.900946005314615668e-03
2.640517468226091357e-03
2.445430006087831801e-03
2.285330031998708284e-03
2.157666445379134972e-03
2.049652296095063730e-03
1.960673572785765015e-03
1.889320026147900790e-03
1.838737659003762378e-03
1.817429597098362036e-03
1.806138283270588944e-03
1.778621339580812883e-03
1.744050035867429280e-03
1.707387211853962422e-03
1.638810387301461828e-03
1.578128044297348381e-03
1.535149412145164760e-03
1.527146979602735143e-03
1.484369779104655496e-03
1.422493207839014596e-03
1.430878544467569782e-03
1.437952617385118877e-03
1.414240698538809246e-03
1.524605754618656031e-03
1.735631347655494953e-03
1.793784924968648206e-03
2.304053224194363945e-03
2.823267221536211648e-03
2.577355050368536522e-03
2.392644461258231024e-03
2.241669216405314628e-03
2.120456294702351661e-03
2.019794559891140498e-03
1.935548848730423224e-03
1.869708712921015065e-03
1.822073851676593408e-03
1.801731986451163151e-03
1.789769221131137138e-03
1.763968878552554581e-03
1.731689608865208917e-03
1.698397568113387207e-03
1.637864256335795415e-03
1.586093722607917304e-03
1.550987020062204701e-03
1.547036867054010952e-03
1.515417172052395140e-03
1.471973221898177685e-03
1.488588971197461535e-03
1.508258127130295174e-03
1.511544041309864465e-03
1.619411769344796708e-03
1.783105715477098898e-03
1.837770270060879330e-03
2.034570250499339455e-03
1.776483706121346432e-03
2.742367633987570236e-03
2.508555880161926401e-03
2.333040056187266845e-03
2.188590633362809054e-03
2.074110128886202161e-03
1.977403188129454262e-03
1.897977169693267812e-03
1.834628119628368232e-03
1.788714071515786624e-03
1.766932787560271043e-03
1.753119549021091208e-03
1.726098422060098371e-03
1.693597768907957515e-03
1.659762747972221659e-03
1.602514882455155585e-03
1.553272673399260038e-03
1.518931990449930896e-03
1.510557040885450236e-03
1.478292142651335813e-03
1.435920898520651147e-03
1.441402307415786885e-03
1.446888629202736044e-03
1.435583892554480670e-03
1.494022583879939204e-03
1.563450313926045181e-03
1.514483145485462715e-03
1.456682907170425527e-03
1.026280535626102573e-03
6.446996052534435979e-04
2.665122434760705972e-03
2.442800327403685072e-03
2.274637258439729613e-03
2.137945478962255310e-03
2.027821870780001888e-03
1.936424053753300380e-03
1.860163431769441995e-03
1.799616258480317638e-03
1.754571629743245957e-03
1.732165885880183149e-03
1.716262510309050958e-03
1.688628394159805883e-03
1.655659390018189483e-03
1.621753034953026234e-03
1.567042639150658225e-03
1.520090411756581505e-03
1.486013492676837699e-03
1.474411535871063793e-03
1.441734783845530872e-03
1.400382878920925986e-03
1.398122618153312298e-03
1.394785642375041563e-03
1.375451714383724893e-03
1.406420705371665830e-03
1.431905396574341752e-03
1.359935131952749992e-03
1.266435214100270499e-03
9.670971126561745236e-04
7.253305476955585526e-04
1.090329666723114342e-03
2.585292490351318029e-03
2.372018905225427212e-03
2.212067484235186524e-03
2.080151357184427136e-03
1.975279034869912870e-03
1.886884021857303858e-03
1.813435760076554824e-03
1.753956853149787019e-03
1.709486294441299112e-03
1.685046653093122708e-03
1.666661368798574416e-03
1.636954974820723852e-03
1.602567580210986515e-03
1.566807341031880392e-03
1.512700871651879216e-03
1.465282908446412539e-03
1.429247167303786302e-03
1.411952776294333675e-03
1.375253536340380420e-03
1.330257630224455142e-03
1.317073944439888910e-03
1.300644568391787952e-03
1.268437993992546772e-03
1.271084617371885401e-03
1.259354129190884408e-03
1.164301045449266710e-03
1.044389667149652531e-03
7.988207551076316948e-04
6.263027576721622285e-04
6.361616227590250090e-04
5.809222297839730913e-04
2.513467331942465400e-03
2.310928208198922799e-03
2.157047673710059572e-03
2.031881098870864759e-03
1.931078762177974731e-03
1.846653993227810077e-03
1.775697960803242648e-03
1.718572314021264095e-03
1.674866892974983135e-03
1.649961125672862444e-03
1.630087696032929759e-03
1.600122924879799529e-03
1.565628730879353465e-03
1.530146087054635876e-03
1.478106575233380324e-03
1.432768665493574806e-03
1.397533132049832722e-03
1.378550997205508361e-03
1.342391049536485227e-03
1.299636786243255245e-03
1.283756750142059410e-03
1.265513664777439705e-03
1.233411324032490522e-03
1.230124209207714278e-03
1.212423246416263495e-03
1.131649234230992221e-03
1.036895033484022113e-03
8.674063111396721143e-04
7.729298647940677355e-04
8.826343361167991947e-04
9.115359464672189360e-04
1.775602589864203312e-03
2.441650737318192682e-03
2.246811112733447611e-03
2.100292306971636609e-03
1.979777002394729219e-03
1.883122086518564976e-03
1.801301026301173423e-03
1.732967460285770190e-03
1.677017600595013223e-03
1.634001320449105996e-03
1.607839868305475928e-03
1.586487150660230525e-03
1.555450774423744855e-03
1.520479111325297866e-03
1.484212556407554741e-03
1.433461717476805855e-03
1.388782953189265663e-03
1.352926294098297103e-03
1.331047304144660328e-03
1.294046063438518629e-03
1.250861937946215301e-03
1.230943387022992615e-03
1.207839345512955968e-03
1.173057094982911429e-03
1.160184619195517210e-03
1.133790777676853658e-03
1.055375424907329263e-03
9.682495194212922384e-04
8.303172052953547303e-04
7.565113130870588501e-04
8.158845808743935175e-04
7.986345628189254683e-04
9.941111221986038797e-04
5.919859066571463374e-04
2.374527145253608161e-03
2.189112903260043586e-03
2.048255385522204132e-03
1.932978725426534724e-03
1.839637137845886701e-03
1.761173757989399104e-03
1.694918457895383838e-03
1.640748092781674303e-03
1.598283573346334207e-03
1.571713651889104085e-03
1.549179757417820874e-03
1.517965688361413252e-03
1.482889651955417642e-03
1.447041338261556608e-03
1.398208854806052724e-03
1.355054107213123863e-03
1.319740588149786488e-03
1.297146683216056102e-03
1.260744161431215891e-03
1.219641922555058863e-03
1.198354411893061541e-03
1.175637804215626811e-03
1.142604814373140510e-03
1.129425370393973178e-03
1.103746013175720998e-03
1.039244966005176173e-03
9.707784261707696214e-04
8.730540587263581473e-04
8.334393191180215592e-04
8.945072601910373416e-04
9.163134298784739434e-04
1.057867135371334246e-03
9.747003671281647850e-04
1.585440088814353467e-03
2.315597655618609283e-03
2.137792051190001361e-03
2.003270007794591065e-03
1.892414189222492958e-03
1.803267407897551347e-03
1.727693294490021975e-03
1.664247576875823361e-03
1.611793022930694055e-03
1.570753230151957641e-03
1.544140746858791227e-03
1.521535379887785366e-03
1.490628231906784059e-03
1.456705421708539379e-03
1.422091135883832508e-03
1.375829428277937491e-03
1.334963924298650847e-03
1.301765861468196558e-03
1.279707280629105610e-03
1.246054338930183527e-03
1.208141328829938355e-03
1.188950963480238984e-03
1.168303774088336709e-03
1.140267594903965429e-03
1.128952238921110017e-03
1.108769110712537346e-03
1.057359106225104137e-03
1.006961163397383958e-03
9.374139665441182925e-04
9.228513716371336420e-04
9.930975835045281926e-04
1.040484641071090901e-03
1.177655745383188223e-03
1.162797627420637499e-03
1.525645651472743759e-03
1.752718912552134016e-03
2.259663776221831032e-03
2.089849260077247459e-03
1.960504218943958082e-03
1.854650531782131139e-03
1.768852155477284704e-03
1.696541002135146204e-03
1.635357260316318024e-03
1.584999086693575409e-03
1.545070532758842851e-03
1.518879706988309148e-03
1.496060827456858469e-03
1.466039434000435127e-03
1.433247142867275642e-03
1.399819576968093374e-03
1.355896028447490121e-03
1.317573021069890025e-03
1.286004477938170257e-03
1.265102476623069074e-03
1.233393654686728820e-03
1.199232620547822491e-03
1.181218712170974258e-03
1.163175703025076104e-03
1.138249601326687260e-03
1.129268403224767490e-03
1.112279078269558675e-03
1.071010219279573726e-03
1.032111635650273355e-03
9.815677717112101554e-04
9.788739171145738500e-04
1.048362471750498640e-03
1.097100080933372575e-03
1.210795265359157578e-03
1.209964369839592983e-03
1.425714009563550056e-03
1.466145705674658977e-03
1.204576417595846528e-03
2.206192157390945378e-03
2.042998248999657127e-03
1.919330653125995902e-03
1.817471812055745754e-03
1.735293201608764570e-03
1.665550942566075120e-03
1.606862443872156179e-03
1.558087634427124217e-03
1.519477928055278874e-03
1.493331596946246426e-03
1.470756634080853291e-03
1.441432951457812580e-03
1.409518984243283892e-03
1.377010232369793672e-03
1.335478219875164052e-03
1.298891422067397026e-03
1.269123209188581861e-03
1.248430687140106125e-03
1.219085303764185424e-03
1.187059596027558762e-03
1.170557064448580391e-03
1.153304369511638262e-03
1.131391044531993798e-03
1.122656697325129368e-03
1.108050134900422611e-03
1.072647512469212605e-03
1.041431727270203042e-03
1.000932889725945213e-03
1.004156143148576732e-03
1.063781313662034902e-03
1.105723831207298816e-03
1.189186905747617595e-03
1.183620560096576568e-03
1.303060326030738630e-03
1.270487461737781956e-03
1.061523109145259868e-03
9.252083257546922729e-04
2.160424878564921099e-03
2.004635156552016847e-03
1.885920555136197342e-03
1.788684659022428012e-03
1.709797538973688259e-03
1.643293213768318682e-03
1.587011430737745536e-03
1.540515181351412516e-03
1.503300060934431061e-03
1.478244905960942419e-03
1.456451902824500155e-03
1.428360981234246246e-03
1.397904415428629591e-03
1.367469335055852050e-03
1.328571068816752606e-03
1.295019597592407968e-03
1.267279355107294976e-03
1.248942956646239286e-03
1.222232105250505973e-03
1.194475992084278841e-03
1.180114155248348801e-03
1.166570337014806924e-03
1.148500244775654171e-03
1.143323378968535281e-03
1.132929777084940417e-03
1.106339487303002007e-03
1.083696544587377459e-03
1.057447856535874550e-03
1.069327968237240292e-03
1.132269391284834595e-03
1.178949372265556588e-03
1.262461187785111991e-03
1.276699531334448724e-03
1.393698714047120766e-03
1.409467766290051780e-03
1.373502296303871599e-03
1.548354394758815313e-03
2.225890986247366227e-03
2.118076277413383050e-03
1.968555115447159949e-03
1.855089232454241706e-03
1.761744732648079124e-03
1.686434670499681061e-03
1.622637728528656797e-03
1.568979396156797330e-03
1.524291283867832119e-03
1.488887117533192099e-03
1.464805623979850875e-03
1.443691125946687309e-03
1.416685727314238993e-03
1.388011435860673050e-03
1.359079746793205633e-03
1.323065299302506395e-03
1.291515518486385143e-03
1.266461759602795787e-03
1.249317476471890160e-03
1.225735396236766420e-03
1.200605285907789185e-03
1.188994594948901201e-03
1.177422255348838228e-03
1.162961091777531654e-03
1.159457830195305753e-03
1.152663525593527203e-03
1.130887342095707572e-03
1.115954271129013286e-03
1.097409788618469934e-03
1.115338950233609036e-03
1.175087171894735431e-03
1.222960981002633443e-03
1.297654914576504021e-03
1.319104737299924652e-03
1.416956400719883739e-03
1.441236377566484190e-03
1.430876033269132003e-03
1.549555729378958042e-03
1.776518493677239864e-03
1.382142145841152572e-03
2.079115204517166960e-03
1.936147310124020689e-03
1.827185874683188343e-03
1.738041159936730374e-03
1.665788156347769444e-03
1.604956362456764953e-03
1.553456104549078747e-03
1.511024072244280571e-03
1.477288897632589998e-03
1.454111555814854764e-03
1.433645500312467989e-03
1.408184514477100937e-03
1.380848410372560861e-03
1.353943025582936624e-03
1.319969520720769285e-03
1.291262369572882332e-03
1.267866170982909126e-03
1.252833461743891241e-03
1.231176886340728952e-03
1.209557492944123014e-03
1.199560587600966488e-03
1.190580798569577979e-03
1.178546218622194500e-03
1.177325865546444096e-03
1.172181656900154502e-03
1.156443050880061069e-03
1.145789010990556044e-03
1.135026760959361196e-03
1.155015884829888734e-03
1.213567470891007858e-03
1.258807305747861732e-03
1.328041607833218510e-03
1.350751596032462613e-03
1.435315381609915918e-03
1.459049804488755150e-03
1.459642725649325928e-03
1.543144353969202673e-03
1.655273045632869519e-03
1.435926851684277920e-03
1.526076199634760020e-03
2.044421881542736637e-03
1.907172124202234816e-03
1.803016423501452824e-03
1.717503107802225261e-03
1.648556717770361399e-03
1.590189051822316719e-03
1.541280497790527455e-03
1.500910364964989701e-03
1.468704522675717524e-03
1.446362367795995347e-03
1.427047544765146486e-03
1.402713507914573341e-03
1.377291364601586658e-03
1.351705588307074634e-03
1.320700851812503735e-03
1.293895069397745564e-03
1.273119977236295431e-03
1.259219022118651752e-03
1.240606005374256813e-03
1.221399616096125254e-03
1.213849995128473899e-03
1.206714128684194384e-03
1.197881838573012494e-03
1.197624341472927623e-03
1.196273468710148686e-03
1.184042413280957801e-03
1.178986647303132242e-03
1.172543578527729261e-03
1.196152002255628649e-03
1.250576392714831562e-03
1.295575978070305067e-03
1.357459023787275197e-03
1.382202787375593671e-03
1.453727941517491285e-03
1.474475227951191824e-03
1.480002729514183881e-03
1.544091572293082972e-03
1.611335822653590195e-03
1.483402446263665546e-03
1.587601610954837619e-03
1.738205169386217771e-03
2.007539767279911506e-03
1.876021750760983832e-03
1.775807057050922269e-03
1.693890383703365718e-03
1.627443514492958121e-03
1.571671370415552577e-03
1.524816632738971696e-03
1.485995431950503732e-03
1.454814922164180541e-03
1.433387222903765700e-03
1.414374661853976282e-03
1.391250520971472034e-03
1.366456003054763741e-03
1.342543227424116293e-03
1.312792827573499221e-03
1.287993525235742566e-03
1.267890199432117988e-03
1.255358749684162443e-03
1.237678718987958882e-03
1.220418387845731249e-03
1.213159203416568641e-03
1.207041131489990397e-03
1.198048377847485456e-03
1.198839094689125835e-03
1.196797825275215232e-03
1.187048163781499440e-03
1.181829102513843894e-03
1.178015709352987946e-03
1.198185701985943381e-03
1.246848750284592104e-03
1.283563890661428009e-03
1.334639859280082946e-03
1.350420315958966852e-03
1.402649641612930924e-03
1.407825625976291770e-03
1.395946449400739618e-03
1.416744430590356285e-03
1.419135223107526782e-03
1.266156293997219634e-03
1.197274887508838247e-03
9.862365283702639179e-04
1.066949592086707766e-03
1.974079574765516109e-03
1.847600426574430750e-03
1.751541633126759258e-03
1.672654791625973521e-03
1.609134856410011395e-03
1.555725040702579534e-03
1.510734096480448535e-03
1.473309406273687122e-03
1.443605711060617219e-03
1.422675589620573050e-03
1.404594902536003944e-03
1.381988733153819348e-03
1.358844799392673478e-03
1.335700240991328017e-03
1.308166374243789750e-03
1.284350311039492414e-03
1.266151739647692785e-03
1.254114126641290520e-03
1.238259951888827327e-03
1.222197779507369847e-03
1.216168324546631867e-03
1.209848391337636905e-03
1.203025880137013545e-03
1.203214782166729582e-03
1.202826660939035211e-03
1.193550053102057943e-03
1.190975410434027409e-03
1.187488097450769674e-03
1.207722077747783954e-03
1.250192196857625483e-03
1.283214644338858713e-03
1.325653975434941574e-03
1.338130620300107378e-03
1.377865791702763279e-03
1.377814507716446134e-03
1.361849400795097677e-03
1.369193692203771618e-03
1.356925858628232678e-03
1.236594961003575259e-03
1.184689091299280257e-03
1.074396923287942009e-03
9.910767491795129374e-04
1.514887877326009935e-03
1.938172264046210619e-03
1.816683421246800389e-03
1.723943807132752261e-03
1.648255423623181401e-03
1.587149424258161527e-03
1.535615576865947312e-03
1.492017985475982715e-03
1.456106216798795042e-03
1.427065021389389539e-03
1.406874410303934507e-03
1.388640885523363851e-03
1.367142178580357326e-03
1.344247482839631145e-03
1.322342016940109694e-03
1.295378353533634900e-03
1.273087909326699662e-03
1.255140116327009081e-03
1.243743630762736809e-03
1.228119790184465125e-03
1.213121541232695111e-03
1.205981370417753178e-03
1.200503525924978597e-03
1.192647826448699428e-03
1.192917880743630090e-03
1.190533602886964439e-03
1.182436638067166194e-03
1.177975749818528824e-03
1.175064223106167625e-03
1.190727632720284517e-03
1.227040371131388630e-03
1.252083150711103725e-03
1.285030129498280745e-03
1.288975407953750355e-03
1.315006122477786234e-03
1.304000050689136303e-03
1.277086052490708588e-03
1.263489488453084422e-03
1.229346099295841599e-03
1.110107373003249099e-03
1.036465951260339248e-03
9.247256722272708578e-04
8.489482647972747958e-04
8.564820870436839909e-04
8.003694268607780549e-04
1.904407526724686541e-03
1.787199497602706818e-03
1.698148845813833270e-03
1.625336747691268069e-03
1.566379163932292342e-03
1.516489007493578229e-03
1.474666029957832133e-03
1.439715457074170445e-03
1.411868431624621828e-03
1.391662314333810390e-03
1.374282430867349285e-03
1.352930159275035019e-03
1.331249679276775080e-03
1.309522692523369626e-03
1.284274671497226059e-03
1.262515406399909246e-03
1.245659221590821085e-03
1.234171359026543791e-03
1.219566257363873755e-03
1.204241607820771354e-03
1.198155703474328712e-03
1.191706659695130179e-03
1.184889503949459804e-03
1.183381857838498212e-03
1.181726975783533532e-03
1.172530985357791641e-03
1.169015456862140378e-03
1.164696199246278117e-03
1.178586995250796186e-03
1.208480108998812204e-03
1.228802246293242938e-03
1.253459116281880129e-03
1.253261238496607534e-03
1.269384531822216177e-03
1.253109471672089487e-03
1.221925753054161137e-03
1.200956722282112794e-03
1.160910136973785419e-03
1.058052227496960587e-03
9.935795969116122291e-04
9.080045754582497528e-04
8.444957824601128813e-04
8.803255484928207680e-04
7.341018557141237161e-04
1.252373780194887412e-03
1.870814022764558191e-03
1.758164340963388377e-03
1.672393127627618426e-03
1.602096810525625902e-03
1.544970062445579417e-03
1.497021655680233487e-03
1.456323102640496399e-03
1.422761911010922550e-03
1.395220263454646304e-03
1.375898069601916426e-03
1.358314783778353206e-03
1.337965770893194536e-03
1.316314882834611908e-03
1.295811923789515598e-03
1.271122668859068355e-03
1.250567013857881377e-03
1.233861718868527364e-03
1.222915848375051399e-03
1.207740533574842628e-03
1.193925263313166171e-03
1.186779487968720338e-03
1.181093389800032343e-03
1.173008447567844888e-03
1.172008463404180254e-03
1.168444431546937761e-03
1.160380521482620459e-03
1.155218837333077181e-03
1.151126272461476920e-03
1.161400054578306433e-03
1.186584659264773708e-03
1.201046783256943997e-03
1.219745035516106493e-03
1.214702233188964461e-03
1.223158020138702352e-03
1.201503119294078338e-03
1.168376988440899059e-03
1.141488232311047967e-03
1.099605946024262643e-03
1.008749990440617082e-03
9.530339261274735872e-04
8.824556813945849416e-04
8.280465908555318527e-04
8.712406437083163729e-04
8.011163635051779357e-04
1.075422648837227792e-03
9.810519419259930776e-04
1.836346696382892526e-03
1.727752137777060094e-03
1.644837450933597876e-03
1.576676853074887802e-03
1.521642035010710176e-03
1.474923090475882374e-03
1.435735004862007331e-03
1.402601850299657138e-03
1.376198615739481672e-03
1.356630731939562290e-03
1.339663692085523708e-03
1.319060760030484015e-03
1.298406280820252681e-03
1.277897584661039912e-03
1.254305879095296171e-03
1.233863773295690042e-03
1.217777926022076910e-03
1.205688344491982582e-03
1.191654612048927706e-03
1.177035645997963993e-03
1.170351739577297004e-03
1.162940912248995639e-03
1.155522398389632237e-03
1.152195118887576171e-03
1.148783698191042316e-03
1.139056392434711516e-03
1.133721698710886535e-03
1.127583723732203218e-03
1.135331300229143036e-03
1.154360052596785976e-03
1.164511869327990255e-03
1.176384718930103103e-03
1.167279162753381101e-03
1.167833842758823730e-03
1.142432392494784586e-03
1.105609891892514940e-03
1.074369913134092360e-03
1.028984773841016154e-03
9.467199199462529103e-04
8.927394458331974324e-04
8.307134824281148851e-04
7.818051894820146055e-04
7.955953878999627625e-04
7.296820072660870895e-04
8.063410659783485680e-04
6.360571959174295088e-04
7.497400609690748827e-04
1.803014281956523586e-03
1.698102879665013953e-03
1.617744349946283492e-03
1.552081176539390171e-03
1.498519013332208841e-03
1.453539863348043233e-03
1.415005851797085986e-03
1.383274835090645164e-03
1.356995951151561105e-03
1.338166192851545288e-03
1.320752224627177443e-03
1.301078248454137038e-03
1.280411379774918723e-03
1.260714958562656135e-03
1.237395496609411437e-03
1.217808685617018799e-03
1.200945551098597667e-03
1.189789864849365424e-03
1.174974946738341006e-03
1.161422852652273284e-03
1.153201125460434325e-03
1.146500688613645439e-03
1.137466321453890154e-03
1.134463342519284254e-03
1.129198848046116714e-03
1.119978509806842997e-03
1.113063919768034595e-03
1.106634240794027949e-03
1.111060801897249860e-03
1.126601411968636149e-03
1.132499697246898158e-03
1.140059432869342708e-03
1.127538494761113350e-03
1.123909790767732737e-03
1.095958219294460804e-03
1.059439506330287504e-03
1.026195000074252165e-03
9.827481358871778972e-04
9.094165412881451875e-04
8.623724797813351337e-04
8.101153779120214785e-04
7.718961037252938676e-04
7.767614399408937723e-04
7.283129269250204112e-04
7.655407078299499186e-04
6.762283718566859236e-04
7.348562818668254388e-04
8.855218483834149598e-04
1.769478776557774575e-03
1.667864697637615667e-03
1.590373137884871450e-03
1.526509688666099736e-03
1.474879442820062640e-03
1.430707144505446483e-03
1.393745256188091627e-03
1.362313538851054251e-03
1.337057817992486899e-03
1.317818028675697348e-03
1.301083599072155135e-03
1.281255184834237349e-03
1.261314096846889157e-03
1.241543967177528287e-03
1.219135815933127366e-03
1.198896180707255442e-03
1.183184532920797220e-03
1.170943422436355888e-03
1.157076144152887264e-03
1.142399320985688221e-03
1.134864823034142543e-03
1.126435889991417002e-03
1.118118871383042522e-03
1.113208458564459921e-03
1.107986943721073550e-03
1.097491286461215344e-03
1.090309402510320023e-03
1.082049078989958529e-03
1.084812463116337482e-03
1.096057520910950333e-03
1.098909305005443988e-03
1.101746943734503541e-03
1.087392819157647923e-03
1.079095659193805411e-03
1.050428203700669782e-03
1.013099439585534150e-03
9.798334351904267134e-04
9.370055575147331417e-04
8.721262213340515417e-04
8.290575670922866640e-04
7.844480133630011166e-04
7.510159988798381691e-04
7.505465720119601980e-04
7.106438278298621205e-04
7.281261570184882192e-04
6.676709715213294044e-04
6.821154178241778821e-04
7.105765077069730153e-04
6.097386674979788420e-04
