6.230784756236879690e-02
4.775430929416411147e-02
3.929007660763695481e-02
3.374297807592602921e-02
2.969696557507403578e-02
2.658182301485599586e-02
2.388168995404321010e-02
2.198874898184450741e-02
2.043294131735284846e-02
1.907264768315460740e-02
1.758688713630489689e-02
1.657650876983563989e-02
1.558739735978464241e-02
1.451341295912567803e-02
1.402150787506336281e-02
1.300404258233728641e-02
1.248539217009440525e-02
1.187026754143486254e-02
1.128271714732744305e-02
1.131473309716282336e-02
1.070671135164623020e-02
1.008129808927398473e-02
1.009353966157542845e-02
9.455480193689315069e-03
9.418815537288925677e-03
8.792551256823674319e-03
8.788903998842767865e-03
8.159964000325347841e-03
8.178157808564848891e-03
8.135271296018584120e-03
7.439442388516626092e-03
7.401808560096282026e-03
7.424986797205015282e-03
6.677902659151734380e-03
6.686115037011484442e-03
6.704365396689644999e-03
6.712057807736088524e-03
5.958088679317274580e-03
5.998759305053577226e-03
6.008783725421497357e-03
6.026443970819842302e-03
6.048987415583823024e-03
5.232167278905408558e-03
5.253859796001324363e-03
5.232730167799149248e-03
5.244491147043577398e-03
5.246029907481807725e-03
5.228476560796669649e-03
5.227433438412508633e-03
5.210521553711286100e-03
4.381102837192957754e-03
4.402299777288959035e-03
4.382887046923054225e-03
4.390958083816053417e-03
4.397129674468177110e-03
4.381231056411727040e-03
4.396532492932591317e-03
4.388579412787813570e-03
4.391478687401043079e-03
4.368745103838504902e-03
3.461751224153307785e-03
3.439128442355605334e-03
3.437984520382974390e-03
3.413462293685264829e-03
3.416246693979786350e-03
3.404432748590837093e-03
3.391666135846946751e-03
3.385736707512033636e-03
3.396874085655097412e-03
3.396815681003474609e-03
3.390253400596450299e-03
3.398538562457994235e-03
3.405094232106198413e-03
3.384957970842946470e-03
3.369111695350000390e-03
2.420945438291731335e-03
2.421855692068689350e-03
2.414079629396258600e-03
2.419320222454605929e-03
2.413391487098072354e-03
2.407908096194687035e-03
2.396105783280791726e-03
2.390323433702516796e-03
2.391344773426894686e-03
2.403862825001217614e-03
2.403965522034374590e-03
2.398745944233008492e-03
2.404031725271149177e-03
2.400767995020825548e-03
2.406961931651745330e-03
2.400671717245684341e-03
2.405599425653005483e-03
2.409429191822989175e-03
2.409257462526088762e-03
2.420781680506314815e-03
2.410305360014596433e-03
2.418607896548598084e-03
2.423354389775395513e-03
2.421963456742677167e-03
2.420204369709115337e-03
1.374315057563457992e-03
1.376865287693973799e-03
1.383786152616253966e-03
1.376842602594498255e-03
1.378467849037184282e-03
1.381434508565269502e-03
1.373247460814640969e-03
1.384839718206843295e-03
1.385547308192017039e-03
1.391238870227917441e-03
1.384333740908761171e-03
1.387748444321694518e-03
1.389664473371320314e-03
1.394733716842498552e-03
1.393756295361560198e-03
1.398572517577591949e-03
1.393251593274324714e-03
1.391258185699143380e-03
1.392021710143902247e-03
1.399416407798523580e-03
1.400030016481966641e-03
1.392881022964425610e-03
1.400078563115342897e-03
1.392012828088724308e-03
1.395615553135013710e-03
1.393745824393754921e-03
1.398701404585650596e-03
1.401611283367722172e-03
1.407156089630025092e-03
1.402290107502930866e-03
1.398712288629685996e-03
1.401278799788973272e-03
1.395460770634092190e-03
1.403113657584387870e-03
1.402961964018518103e-03
1.403537110262825837e-03
1.414211199816392886e-03
1.410110343111021375e-03
1.419362601860450117e-03
1.421061349446958721e-03
1.431102755423937665e-03
1.439695401818762892e-03
1.441913277885424919e-03
1.450160585020503429e-03
1.458644151372155522e-03
1.467450376702514585e-03
1.474697188190018113e-03
1.469083370397957899e-03
1.465818481589850706e-03
1.469924881267514315e-03
