1.113341302868323286e-02
9.343045643064746761e-03
7.139727715759734694e-03
6.095409494927372940e-03
5.445190798750935111e-03
4.858084336773303182e-03
4.706824177822324651e-03
2.881693982696424943e-03
1.406773943605144593e-03
2.173197346536985715e-03
2.303060732723514678e-03
1.461095867313041193e-03
2.908114084981996104e-03
2.912574405178098777e-03
2.806197462115815958e-03
1.180911288440402839e-03
1.731051473110113530e-03
2.705034763765936170e-03
1.561613792790713610e-03
1.279753008087478614e-03
2.062745546148524785e-03
1.324198935005583546e-03
7.855977911048602977e-04
1.839869048612692267e-03
1.329464945469536899e-03
2.341919424721495419e-03
1.816650556088324209e-03
6.426434495445927739e-04
1.130494830503663570e-03
5.603531735132536579e-04
1.812111316089907434e-03
5.884918836998655764e-04
1.612237220496537350e-03
1.790521806950108076e-03
1.243540243077207461e-03
9.639255229866709219e-04
2.269685344066877438e-03
1.423330770143288329e-03
1.571836887258931323e-03
1.785574356151301651e-03
1.008872819259921255e-03
1.558939846125746362e-03
7.465542274493246417e-04
1.288294443759800548e-03
1.013171461683727266e-03
7.109509972602738332e-04
9.157861151704338757e-04
6.180641782798397673e-04
1.331714394466313248e-03
1.530453429834714675e-03
