0.000000000000000000e+00 1.641009569168090820e+00
1.000000000000000000e+00 1.774554491043090820e+00
2.000000000000000000e+00 1.857567548751831055e+00
3.000000000000000000e+00 1.918470144271850586e+00
4.000000000000000000e+00 1.971292734146118164e+00
5.000000000000000000e+00 2.013280391693115234e+00
6.000000000000000000e+00 2.058682918548583984e+00
7.000000000000000000e+00 2.084808826446533203e+00
8.000000000000000000e+00 2.142504692077636719e+00
9.000000000000000000e+00 2.193835735321044922e+00
1.000000000000000000e+01 2.233766555786132812e+00
1.100000000000000000e+01 2.274339199066162109e+00
1.200000000000000000e+01 2.326488018035888672e+00
1.300000000000000000e+01 2.360222339630126953e+00
1.400000000000000000e+01 2.438157558441162109e+00
1.500000000000000000e+01 2.471616268157958984e+00
1.600000000000000000e+01 2.500606060028076172e+00
1.700000000000000000e+01 2.558326721191406250e+00
1.800000000000000000e+01 2.583700180053710938e+00
1.900000000000000000e+01 2.598383903503417969e+00
2.000000000000000000e+01 2.652743816375732422e+00
2.100000000000000000e+01 2.662389516830444336e+00
2.200000000000000000e+01 2.684803962707519531e+00
2.300000000000000000e+01 2.719546794891357422e+00
2.400000000000000000e+01 2.725050926208496094e+00
2.500000000000000000e+01 2.758312702178955078e+00
2.600000000000000000e+01 2.765884637832641602e+00
2.700000000000000000e+01 2.771906375885009766e+00
2.800000000000000000e+01 2.803319692611694336e+00
2.900000000000000000e+01 2.829651832580566406e+00
3.000000000000000000e+01 2.829069614410400391e+00
3.100000000000000000e+01 2.840990304946899414e+00
3.200000000000000000e+01 2.880860567092895508e+00
3.300000000000000000e+01 2.887236118316650391e+00
3.400000000000000000e+01 2.900240421295166016e+00
3.500000000000000000e+01 2.910072803497314453e+00
3.600000000000000000e+01 2.917141199111938477e+00
3.700000000000000000e+01 2.909442186355590820e+00
3.800000000000000000e+01 2.954326391220092773e+00
3.900000000000000000e+01 2.965271949768066406e+00
4.000000000000000000e+01 2.959169626235961914e+00
4.100000000000000000e+01 2.980089187622070312e+00
4.200000000000000000e+01 2.991190433502197266e+00
4.300000000000000000e+01 2.980277299880981445e+00
4.400000000000000000e+01 3.012281179428100586e+00
4.500000000000000000e+01 3.015719652175903320e+00
4.600000000000000000e+01 3.015084981918334961e+00
4.700000000000000000e+01 3.037046194076538086e+00
4.800000000000000000e+01 3.030820608139038086e+00
4.900000000000000000e+01 3.060069084167480469e+00
5.000000000000000000e+01 3.061284780502319336e+00
5.100000000000000000e+01 3.044414043426513672e+00
5.200000000000000000e+01 3.071204662322998047e+00
5.300000000000000000e+01 3.095555543899536133e+00
5.400000000000000000e+01 3.080796241760253906e+00
5.500000000000000000e+01 3.095763206481933594e+00
5.600000000000000000e+01 3.120393514633178711e+00
5.700000000000000000e+01 3.122484683990478516e+00
5.800000000000000000e+01 3.133892774581909180e+00
5.900000000000000000e+01 3.138756513595581055e+00
6.000000000000000000e+01 3.138934612274169922e+00
6.100000000000000000e+01 3.121180057525634766e+00
6.200000000000000000e+01 3.163244247436523438e+00
6.300000000000000000e+01 3.169460535049438477e+00
6.400000000000000000e+01 3.160173892974853516e+00
6.500000000000000000e+01 3.181525945663452148e+00
6.600000000000000000e+01 3.187866210937500000e+00
6.700000000000000000e+01 3.171230554580688477e+00
6.800000000000000000e+01 3.203124523162841797e+00
6.900000000000000000e+01 3.208697080612182617e+00
7.000000000000000000e+01 3.197923183441162109e+00
7.100000000000000000e+01 3.222384691238403320e+00
7.200000000000000000e+01 3.215294122695922852e+00
7.300000000000000000e+01 3.237686872482299805e+00
7.400000000000000000e+01 3.238201856613159180e+00
7.500000000000000000e+01 3.213305234909057617e+00
7.600000000000000000e+01 3.231467485427856445e+00
7.700000000000000000e+01 3.261265277862548828e+00
7.800000000000000000e+01 3.236387729644775391e+00
7.900000000000000000e+01 3.255754947662353516e+00
8.000000000000000000e+01 3.269437789916992188e+00
8.100000000000000000e+01 3.273368358612060547e+00
8.200000000000000000e+01 3.280144929885864258e+00
8.300000000000000000e+01 3.283349514007568359e+00
8.400000000000000000e+01 3.279398202896118164e+00
8.500000000000000000e+01 3.258825778961181641e+00
8.600000000000000000e+01 3.297633647918701172e+00
8.700000000000000000e+01 3.300621986389160156e+00
8.800000000000000000e+01 3.289487600326538086e+00
8.900000000000000000e+01 3.310531616210937500e+00
9.000000000000000000e+01 3.311585903167724609e+00
9.100000000000000000e+01 3.289147615432739258e+00
9.200000000000000000e+01 3.323506593704223633e+00
9.300000000000000000e+01 3.330067634582519531e+00
9.400000000000000000e+01 3.317313194274902344e+00
9.500000000000000000e+01 3.341559410095214844e+00
9.600000000000000000e+01 3.335426807403564453e+00
9.700000000000000000e+01 3.350676298141479492e+00
9.800000000000000000e+01 3.351308822631835938e+00
9.900000000000000000e+01 3.329181909561157227e+00
1.000000000000000000e+02 3.339375972747802734e+00
1.010000000000000000e+02 3.371107101440429688e+00
1.020000000000000000e+02 3.343140125274658203e+00
1.030000000000000000e+02 3.360564470291137695e+00
1.040000000000000000e+02 3.378113269805908203e+00
1.050000000000000000e+02 3.377789497375488281e+00
1.060000000000000000e+02 3.381552219390869141e+00
1.070000000000000000e+02 3.386878967285156250e+00
1.080000000000000000e+02 3.385180473327636719e+00
1.090000000000000000e+02 3.364768028259277344e+00
1.100000000000000000e+02 3.402871608734130859e+00
1.110000000000000000e+02 3.404095888137817383e+00
1.120000000000000000e+02 3.395886421203613281e+00
1.130000000000000000e+02 3.416320800781250000e+00
1.140000000000000000e+02 3.414584159851074219e+00
1.150000000000000000e+02 3.386032342910766602e+00
1.160000000000000000e+02 3.420933961868286133e+00
1.170000000000000000e+02 3.436236381530761719e+00
1.180000000000000000e+02 3.424574613571166992e+00
1.190000000000000000e+02 3.448278188705444336e+00
1.200000000000000000e+02 3.440927743911743164e+00
1.210000000000000000e+02 3.451748371124267578e+00
1.220000000000000000e+02 3.454691886901855469e+00
1.230000000000000000e+02 3.442359685897827148e+00
1.240000000000000000e+02 3.444539070129394531e+00
1.250000000000000000e+02 3.474953174591064453e+00
1.260000000000000000e+02 3.448720932006835938e+00
1.270000000000000000e+02 3.454967975616455078e+00
1.280000000000000000e+02 3.483336925506591797e+00
1.290000000000000000e+02 3.474409818649291992e+00
1.300000000000000000e+02 3.473006963729858398e+00
1.310000000000000000e+02 3.482991695404052734e+00
1.320000000000000000e+02 3.485481023788452148e+00
1.330000000000000000e+02 3.465934038162231445e+00
1.340000000000000000e+02 3.501235723495483398e+00
1.350000000000000000e+02 3.501088857650756836e+00
1.360000000000000000e+02 3.495840549468994141e+00
1.370000000000000000e+02 3.512152433395385742e+00
1.380000000000000000e+02 3.507800817489624023e+00
1.390000000000000000e+02 3.474973440170288086e+00
1.400000000000000000e+02 3.506920814514160156e+00
1.410000000000000000e+02 3.527397155761718750e+00
1.420000000000000000e+02 3.513731479644775391e+00
1.430000000000000000e+02 3.535881996154785156e+00
1.440000000000000000e+02 3.525920629501342773e+00
1.450000000000000000e+02 3.532808303833007812e+00
1.460000000000000000e+02 3.535645961761474609e+00
1.470000000000000000e+02 3.531240701675415039e+00
1.480000000000000000e+02 3.526685714721679688e+00
1.490000000000000000e+02 3.552432060241699219e+00
1.500000000000000000e+02 3.529983997344970703e+00
1.510000000000000000e+02 3.522743940353393555e+00
1.520000000000000000e+02 3.557515621185302734e+00
1.530000000000000000e+02 3.541907310485839844e+00
1.540000000000000000e+02 3.536853313446044922e+00
1.550000000000000000e+02 3.547965764999389648e+00
1.560000000000000000e+02 3.553221225738525391e+00
1.570000000000000000e+02 3.532010078430175781e+00
1.580000000000000000e+02 3.564936876296997070e+00
1.590000000000000000e+02 3.564435958862304688e+00
1.600000000000000000e+02 3.559262275695800781e+00
1.610000000000000000e+02 3.570583581924438477e+00
1.620000000000000000e+02 3.565048456192016602e+00
1.630000000000000000e+02 3.532390832901000977e+00
1.640000000000000000e+02 3.561369180679321289e+00
1.650000000000000000e+02 3.580523967742919922e+00
1.660000000000000000e+02 3.565896987915039062e+00
1.670000000000000000e+02 3.585885047912597656e+00
1.680000000000000000e+02 3.575580358505249023e+00
1.690000000000000000e+02 3.581374645233154297e+00
1.700000000000000000e+02 3.582264900207519531e+00
1.710000000000000000e+02 3.581864118576049805e+00
1.720000000000000000e+02 3.573223352432250977e+00
1.730000000000000000e+02 3.595350265502929688e+00
1.740000000000000000e+02 3.577099800109863281e+00
1.750000000000000000e+02 3.562776088714599609e+00
1.760000000000000000e+02 3.600388526916503906e+00
1.770000000000000000e+02 3.580128192901611328e+00
1.780000000000000000e+02 3.575589895248413086e+00
1.790000000000000000e+02 3.585354089736938477e+00
1.800000000000000000e+02 3.591669082641601562e+00
1.810000000000000000e+02 3.570264577865600586e+00
1.820000000000000000e+02 3.601149559020996094e+00
1.830000000000000000e+02 3.601641654968261719e+00
1.840000000000000000e+02 3.595699787139892578e+00
1.850000000000000000e+02 3.603653669357299805e+00
1.860000000000000000e+02 3.597881317138671875e+00
1.870000000000000000e+02 3.567539215087890625e+00
1.880000000000000000e+02 3.595244169235229492e+00
1.890000000000000000e+02 3.611511707305908203e+00
1.900000000000000000e+02 3.597297668457031250e+00
1.910000000000000000e+02 3.614971160888671875e+00
1.920000000000000000e+02 3.606150150299072266e+00
1.930000000000000000e+02 3.612015008926391602e+00
1.940000000000000000e+02 3.611558198928833008e+00
1.950000000000000000e+02 3.612015247344970703e+00
1.960000000000000000e+02 3.601992607116699219e+00
1.970000000000000000e+02 3.622431278228759766e+00
1.980000000000000000e+02 3.606899738311767578e+00
1.990000000000000000e+02 3.589377880096435547e+00
2.000000000000000000e+02 3.627755403518676758e+00
2.010000000000000000e+02 3.604705095291137695e+00
2.020000000000000000e+02 3.601925611495971680e+00
2.030000000000000000e+02 3.610426902770996094e+00
2.040000000000000000e+02 3.617045879364013672e+00
2.050000000000000000e+02 3.595972061157226562e+00
2.060000000000000000e+02 3.625201702117919922e+00
2.070000000000000000e+02 3.626411199569702148e+00
2.080000000000000000e+02 3.620295047760009766e+00
2.090000000000000000e+02 3.625994205474853516e+00
2.100000000000000000e+02 3.620210647583007812e+00
2.110000000000000000e+02 3.591820478439331055e+00
2.120000000000000000e+02 3.618945360183715820e+00
2.130000000000000000e+02 3.633010864257812500e+00
2.140000000000000000e+02 3.618859291076660156e+00
2.150000000000000000e+02 3.634754180908203125e+00
2.160000000000000000e+02 3.627394676208496094e+00
2.170000000000000000e+02 3.633969068527221680e+00
2.180000000000000000e+02 3.632234811782836914e+00
2.190000000000000000e+02 3.632881879806518555e+00
2.200000000000000000e+02 3.622872829437255859e+00
2.210000000000000000e+02 3.641818284988403320e+00
2.220000000000000000e+02 3.628038883209228516e+00
2.230000000000000000e+02 3.608908414840698242e+00
2.240000000000000000e+02 3.647406816482543945e+00
2.250000000000000000e+02 3.623089790344238281e+00
2.260000000000000000e+02 3.621575355529785156e+00
2.270000000000000000e+02 3.629226684570312500e+00
2.280000000000000000e+02 3.635867834091186523e+00
2.290000000000000000e+02 3.615250110626220703e+00
2.300000000000000000e+02 3.642565488815307617e+00
2.310000000000000000e+02 3.644806385040283203e+00
2.320000000000000000e+02 3.638983726501464844e+00
2.330000000000000000e+02 3.643022298812866211e+00
2.340000000000000000e+02 3.637147426605224609e+00
2.350000000000000000e+02 3.610084295272827148e+00
2.360000000000000000e+02 3.637038946151733398e+00
2.370000000000000000e+02 3.649288654327392578e+00
2.380000000000000000e+02 3.635244369506835938e+00
2.390000000000000000e+02 3.650312423706054688e+00
2.400000000000000000e+02 3.643645048141479492e+00
2.410000000000000000e+02 3.651181697845458984e+00
2.420000000000000000e+02 3.648196458816528320e+00
2.430000000000000000e+02 3.649052858352661133e+00
2.440000000000000000e+02 3.639554977416992188e+00
2.450000000000000000e+02 3.657366275787353516e+00
2.460000000000000000e+02 3.644510746002197266e+00
2.470000000000000000e+02 3.624795436859130859e+00
2.480000000000000000e+02 3.663044214248657227e+00
2.490000000000000000e+02 3.637819528579711914e+00
2.500000000000000000e+02 3.637501239776611328e+00
2.510000000000000000e+02 3.644447326660156250e+00
2.520000000000000000e+02 3.650823593139648438e+00
2.530000000000000000e+02 3.630687236785888672e+00
2.540000000000000000e+02 3.656608104705810547e+00
2.550000000000000000e+02 3.659646034240722656e+00
2.560000000000000000e+02 3.654177188873291016e+00
2.570000000000000000e+02 3.656697988510131836e+00
2.580000000000000000e+02 3.650870323181152344e+00
2.590000000000000000e+02 3.625332832336425781e+00
2.600000000000000000e+02 3.651974201202392578e+00
2.610000000000000000e+02 3.662518739700317383e+00
2.620000000000000000e+02 3.648900508880615234e+00
2.630000000000000000e+02 3.663141727447509766e+00
2.640000000000000000e+02 3.656937599182128906e+00
2.650000000000000000e+02 3.665218591690063477e+00
2.660000000000000000e+02 3.661460399627685547e+00
2.670000000000000000e+02 3.662148714065551758e+00
2.680000000000000000e+02 3.653218984603881836e+00
2.690000000000000000e+02 3.670448303222656250e+00
2.700000000000000000e+02 3.658003568649291992e+00
2.710000000000000000e+02 3.637810230255126953e+00
2.720000000000000000e+02 3.676099777221679688e+00
2.730000000000000000e+02 3.650290250778198242e+00
2.740000000000000000e+02 3.650726318359375000e+00
2.750000000000000000e+02 3.657300949096679688e+00
2.760000000000000000e+02 3.663343191146850586e+00
2.770000000000000000e+02 3.643918514251708984e+00
2.780000000000000000e+02 3.668332338333129883e+00
2.790000000000000000e+02 3.672189235687255859e+00
2.800000000000000000e+02 3.666970014572143555e+00
2.810000000000000000e+02 3.668266773223876953e+00
2.820000000000000000e+02 3.662586450576782227e+00
2.830000000000000000e+02 3.638204574584960938e+00
2.840000000000000000e+02 3.664631128311157227e+00
2.850000000000000000e+02 3.673957347869873047e+00
2.860000000000000000e+02 3.660455226898193359e+00
2.870000000000000000e+02 3.674141407012939453e+00
2.880000000000000000e+02 3.668220758438110352e+00
2.890000000000000000e+02 3.677340984344482422e+00
2.900000000000000000e+02 3.673001766204833984e+00
2.910000000000000000e+02 3.673480272293090820e+00
2.920000000000000000e+02 3.665020704269409180e+00
2.930000000000000000e+02 3.681756258010864258e+00
2.940000000000000000e+02 3.669471025466918945e+00
2.950000000000000000e+02 3.649205446243286133e+00
2.960000000000000000e+02 3.687237024307250977e+00
2.970000000000000000e+02 3.661197900772094727e+00
2.980000000000000000e+02 3.662369728088378906e+00
2.990000000000000000e+02 3.668393611907958984e+00
3.000000000000000000e+02 3.674322366714477539e+00
3.010000000000000000e+02 3.655586957931518555e+00
3.020000000000000000e+02 3.678644657135009766e+00
3.030000000000000000e+02 3.682889938354492188e+00
3.040000000000000000e+02 3.678094148635864258e+00
3.050000000000000000e+02 3.678523063659667969e+00
3.060000000000000000e+02 3.672930955886840820e+00
3.070000000000000000e+02 3.649431228637695312e+00
3.080000000000000000e+02 3.675812959671020508e+00
3.090000000000000000e+02 3.683947324752807617e+00
3.100000000000000000e+02 3.670696496963500977e+00
3.110000000000000000e+02 3.683917760848999023e+00
3.120000000000000000e+02 3.678138971328735352e+00
3.130000000000000000e+02 3.687963724136352539e+00
3.140000000000000000e+02 3.683183193206787109e+00
3.150000000000000000e+02 3.683312416076660156e+00
3.160000000000000000e+02 3.675325870513916016e+00
3.170000000000000000e+02 3.691812515258789062e+00
3.180000000000000000e+02 3.679705142974853516e+00
3.190000000000000000e+02 3.659337997436523438e+00
3.200000000000000000e+02 3.697103977203369141e+00
3.210000000000000000e+02 3.671075344085693359e+00
3.220000000000000000e+02 3.672725677490234375e+00
3.230000000000000000e+02 3.678417921066284180e+00
3.240000000000000000e+02 3.684028625488281250e+00
3.250000000000000000e+02 3.666066646575927734e+00
3.260000000000000000e+02 3.687726020812988281e+00
3.270000000000000000e+02 3.692313909530639648e+00
3.280000000000000000e+02 3.687961816787719727e+00
3.290000000000000000e+02 3.687583446502685547e+00
3.300000000000000000e+02 3.682163715362548828e+00
3.310000000000000000e+02 3.659414768218994141e+00
3.320000000000000000e+02 3.685976743698120117e+00
3.330000000000000000e+02 3.692925930023193359e+00
3.340000000000000000e+02 3.679905176162719727e+00
3.350000000000000000e+02 3.692645549774169922e+00
3.360000000000000000e+02 3.687063932418823242e+00
3.370000000000000000e+02 3.697435379028320312e+00
3.380000000000000000e+02 3.692377328872680664e+00
3.390000000000000000e+02 3.692206144332885742e+00
3.400000000000000000e+02 3.684492111206054688e+00
3.410000000000000000e+02 3.700980663299560547e+00
3.420000000000000000e+02 3.688826322555541992e+00
3.430000000000000000e+02 3.668556451797485352e+00
3.440000000000000000e+02 3.706050634384155273e+00
3.450000000000000000e+02 3.679925441741943359e+00
3.460000000000000000e+02 3.682021379470825195e+00
3.470000000000000000e+02 3.687488317489624023e+00
3.480000000000000000e+02 3.692876100540161133e+00
3.490000000000000000e+02 3.675715208053588867e+00
3.500000000000000000e+02 3.696011543273925781e+00
3.510000000000000000e+02 3.700798511505126953e+00
3.520000000000000000e+02 3.696820497512817383e+00
3.530000000000000000e+02 3.695798873901367188e+00
3.540000000000000000e+02 3.690582275390625000e+00
3.550000000000000000e+02 3.668514013290405273e+00
3.560000000000000000e+02 3.695154190063476562e+00
3.570000000000000000e+02 3.701014518737792969e+00
3.580000000000000000e+02 3.688335418701171875e+00
3.590000000000000000e+02 3.700614690780639648e+00
